3517
885573822
989424928
990940124
71430847
212769518
562084465
784596482
907274296
631886470
223986239
603234196
97764638
226636889
535281495
933418263
971085487
247525935
989832859
527480150
528520277
165044815
47468037
354506836
360727448
428419859
123814518
133952108
71677381
79524960
916812014
713995158
151094773
997264878
17343115
76349195
894051090
872776774
753722555
231750951
111979969
582641965
839366358
297959364
642495441
530511860
991320828
797387833
802537764
523221718
925254733
907472302
174129386
528693537
625081750
87375323
238144485
132164370
606009647
586142217
781561254
283571985
413897856
560037219
929174528
205605999
323194093
438343217
221281293
573529295
89883707
78451947
287351428
639883727
747568163
725955748
930909349
327582653
137266175
868161681
153673953
887384414
650716592
822717529
821403069
394374537
654132540
718520566
658806497
991523262
814712656
159577921
764084190
109179813
990472138
584237371
222439083
434297717
382069815
962412315
997467580
900917257
254843092
494251914
299749026
653975426
418897323
618467437
736900849
607425110
481871962
810647676
433955438
710626018
277282823
123508745
682210125
620091073
813200169
674379636
337594328
731765397
692580156
210431130
164077332
598180680
795011532
590214797
350477289
968178630
636187245
443186669
909877049
995511168
692196310
501775769
211337254
760058120
883745975
652202997
724213450
888775921
972454491
234723206
497477389
347936339
189267477
566700333
406426574
306785839
559183545
934439890
423422939
196158928
184231485
391436184
135297494
603627309
593777396
288748175
200531574
214914175
108765149
845965326
149484958
936821558
762190799
272364260
69329203
722994414
259959788
135616533
494234185
487988276
764307204
698705639
686211796
41241119
948908129
95945036
52884943
77293749
756884265
872877037
270034007
333548483
321147783
722726093
168859278
193080258
316370196
394337886
784809164
611033450
980110242
23574708
679758861
803836991
834420672
695612274
129541787
82706241
275376438
904625172
44177969
575396011
382815454
152508895
552097590
849575893
420386774
997473843
136287616
421984209
853557109
574828643
908892495
580201113
631825696
614590569
541540805
385070031
375864071
143889645
897266095
959575749
827996854
928703673
867148992
872002743
14549157
608280958
228191836
724226819
551833279
985432807
617878410
991265353
193698606
809117204
673370849
608475323
144144674
113732774
25160131
272901960
179277448
535164379
788042698
17850652
775160662
154183131
417298588
974886262
316357690
373206641
493653813
821968583
840487264
100528158
582060170
161233707
966222892
154512329
891063643
697265166
52615357
717847876
264998839
425784018
42298704
173063297
763341437
92445596
583877334
813440066
838031579
997116949
978894451
577866517
479246286
165042126
368744297
870529948
835882144
166376916
672883398
570491322
420297022
994280206
9875881
284127967
692670659
468413141
858965255
35024169
970619653
731718805
520054584
255613409
58688942
468122297
270555949
924155193
847080907
400488922
138175942
190427885
29507742
849013129
324097027
600842079
907282517
536360697
769300376
800433539
157185766
520144136
852743791
802083444
562398351
157246383
837581396
768906032
778415801
233713732
665634847
87331410
572350035
102061571
39774923
904951728
496641153
940201019
777639673
337277260
596188362
63570953
479731346
963441683
795456248
497533825
758135103
612204449
71578621
717005978
71117351
449319831
447241314
198925227
25352143
359638064
278198516
773464080
314155428
623719079
129504708
994878860
721958582
758061195
408934500
373346348
253197576
646318558
620374607
11017036
429913149
256405615
470642880
557877737
730696938
92856110
61681888
422805225
920271908
327979911
191272035
294203180
811920653
381982002
283940847
42397581
124968814
456830852
909612526
452802863
619087222
871433783
258212326
178439881
292560566
750153219
944140585
124425809
618009816
359206155
484570527
803397581
863037577
254835587
21240368
581959418
187000502
556121963
448686584
521692760
492085973
18862925
283953276
139570028
741884762
323158232
38489027
308025427
185273276
186783326
867777443
854877080
880085178
288229348
834889648
722692384
614464353
440040064
854270357
576207190
137057646
254471773
229256574
780450088
844215960
359026152
529645000
390721995
802686899
791646989
323308456
248104821
949668021
564499839
517203928
869228404
301320308
859316759
411382866
99152577
280587308
919503860
523511701
447942897
392160133
357347758
335619954
804998408
70624627
608030402
320598304
611906665
631297196
854334991
433599910
47127269
127418437
700039174
953958682
987043360
379994153
467481070
73308780
526808837
817036530
757528301
347821779
770649201
186615053
667866180
787780489
92890136
101029429
25678612
803469261
781837577
945175569
106780961
80059140
720022595
331430124
840721755
70260825
603603477
272742223
497454781
703496271
762117548
850325495
969523190
120279364
898148640
91481894
261522759
155019610
804360647
290681390
309767072
943853504
582222723
681037160
146275046
132592212
437241655
39414912
751846375
487690817
515779721
323664594
170374054
641962723
1090081
912430552
706539709
928366152
182985335
235810241
618908692
266860145
465302672
944359338
477970570
283918305
329014959
537414890
634921105
643497482
635637701
70601632
285640631
650913705
435194209
255486836
813386643
409398977
354414101
661943682
64273375
945151937
422553875
273557935
707351851
81386043
126972057
544419509
278339071
170962238
694045144
768326683
479707567
658181140
834200856
384024007
680370122
493770554
328784226
575781636
192675918
341539565
320189615
151825724
108856308
474983148
603072843
811797113
158142085
440534064
260193960
172067875
653240909
754598580
432136272
150588720
400735393
791174224
524994653
474497886
838937358
310670292
105458979
126424124
602721085
165191877
906943059
918412942
614423529
932956597
594499722
175791816
41730856
144650285
796930573
105185079
382175208
17945023
239595155
195587747
89205177
215114156
9717230
994678135
913620510
663329595
14906927
566928076
829552086
289418444
520375584
718894640
678669263
666995377
937849745
289127969
622830723
751402778
579043752
892859506
537842675
388636535
511490019
117406532
570917008
222496311
75386329
114980026
281329748
398760850
74599586
272437862
802396842
827629789
869056270
390423276
129111717
557173596
68430061
314936318
86384332
203834588
485908779
21326771
942368659
231425748
431566585
96469323
656615587
36278945
583078865
534702167
187020178
846646080
575006598
404167561
762968585
259167190
835347852
737623162
342769637
840526498
531951830
3534265
727517457
97141824
628592979
51290838
824189887
696952188
345987308
582553
156867013
55810415
671548925
255679191
251946204
88075064
464899774
418985906
631820047
709017472
981150269
121990838
318346175
247924052
163872737
439346119
409226673
483964866
42782870
408880426
780968171
230279901
343309336
543930026
725628897
643514201
987539912
176787146
912149731
238019620
459290343
979616254
2236169
411396388
930157405
26097366
440739029
610799924
157509559
536649030
696201066
949350847
68043878
378759911
763473315
297014808
713984107
494675859
878041593
440205014
312386893
164635697
672739243
389524873
997057681
897618904
96168734
813054578
313756094
968731531
314707846
301700533
338084679
35306093
446456939
33817736
238174402
409096981
860836154
638567529
905993156
429171191
62344166
498103000
439510292
483389865
616899492
980215067
954980671
701512520
612782303
861951654
383453279
314638112
801096611
706335985
890115979
300425682
208920310
456060980
636876731
150163920
492749500
806974022
109231571
335913279
762790695
415565495
771031464
395823913
277921550
619414652
938501695
827124177
813255648
163241152
356303462
644660331
19862122
694749019
586463280
509934333
674798251
78102075
458121180
252121831
218978699
845331478
49774431
814274382
608651550
472201525
991745399
968844476
178667019
596935491
830667142
874869403
308543380
690274894
987856833
711586855
832967259
443651219
637323026
918172287
127583872
699349771
29069672
921211943
687822361
4262431
724990461
728162973
865809941
76455031
398357445
750153258
171407719
550562107
829604353
651817012
801980732
63753205
973986931
471349502
327413439
135914589
961652567
221806780
968527312
593439541
705115164
569035743
173720289
557403417
908453893
247078797
463534569
469277716
60891160
348825033
276745426
268045070
25454325
184241518
473313585
269996302
845989439
453665439
911136916
852205910
730646663
22267299
119199690
99890913
307024851
430149273
417239670
379447632
763388577
477959277
673254826
847150212
358371506
218272859
814785209
521264785
869682089
5105591
489740999
764797241
855108980
586902449
762139898
984245309
116877716
966765275
917271597
372408833
192458323
281670799
230745859
111932597
320651073
61287877
780044184
109671346
970483934
880829679
166979186
979890778
568909740
133001657
773744999
805352422
980856970
178292459
501527934
179108147
32693688
553235278
656579324
414216210
904390578
949091008
873660455
937975604
782034582
83892520
56320838
50277621
28718302
609689839
564182365
807525519
961200483
494521248
219619804
375728407
429133039
128141806
785318190
946476117
552807114
851193300
855789844
731909083
96760361
223271564
335435446
803099494
336067770
268448858
317657807
655321172
117178548
414404688
290458397
325938563
13141382
697260475
274163433
696055581
554833625
140976128
309886637
468341385
161205309
627571197
358222180
183455310
460616173
343289546
498570463
295344369
604185620
669007300
338923518
785829790
856500423
553858446
535793286
93261271
152120517
90657982
119608601
602791923
927029218
508628533
121190696
854273485
269164650
268892549
599977102
169744440
111638966
559705402
813266033
810451191
721316929
555364526
176583746
315185298
904596068
84010359
480885056
752646904
816729136
806630637
110976976
130300470
603788879
759325136
823026321
72772172
927554149
355702633
198814089
110125463
880558810
138966021
498973794
931466714
623830018
7430002
125102284
743173408
610441803
766407692
361809717
288962303
584214537
709350128
773681134
945726391
221535343
256133243
267757463
222737779
630161052
81411804
574454591
180023848
926346571
257783618
842981749
375573298
569965948
868764532
116990631
173253664
585982858
713893325
381760169
762916329
335412858
868967343
826125399
699262892
267729754
507802612
145674132
759105627
651360975
51514255
415836221
858754858
63967905
413868643
661926388
15804137
651033196
307973404
195734207
758147246
68393235
884338233
917888440
123525199
459306711
641080857
422476760
617269872
867391316
665119780
33798210
58044324
817536682
468649289
945997245
193727981
915927305
737628858
414942910
139457682
158480830
946665392
46617320
564213347
703144169
653002178
253241683
137353620
297155203
32453318
613004022
638545770
418772095
833365324
870449440
175872080
849031564
983221183
954070440
268526383
490856986
135306083
382015988
221486861
601967227
121309070
209103672
772933740
902789977
733042686
22063537
688792656
869575131
654951759
233850623
708938783
31952770
334751410
309999043
287184214
757006702
53607378
855377469
781339542
882619870
451797658
868427275
160704586
426209459
815613012
953962695
897514239
726764195
644167405
985659416
488509553
769581544
450854050
311566201
406329763
323675657
74898464
500117268
463712693
214380937
666595239
340065260
503093114
605938137
420748847
487254076
854352187
796107569
47809437
755292221
583903705
826252295
67817956
589067442
484253919
756077576
197147485
295556979
797073430
957424491
689672616
171972921
937932943
606941546
638031249
473188569
834644422
769248960
664508602
751469071
206690318
67271091
909455842
930102530
481598690
924343310
559629964
35912633
729212776
438016316
192487949
991479518
792381200
521434732
148523359
210152620
596849109
627595589
509039794
155094344
307789448
98628276
285657442
190246837
283811137
891595995
679476151
758727809
950946584
934221249
977175266
496522949
938301854
470822232
471388357
915541116
578816685
728025822
798123287
85073323
914119171
337596357
142678622
678978838
965542295
824473327
275364190
373546230
643044252
913111313
570612735
811296313
153364379
261960193
886421708
475155638
584281074
494183743
838574880
913784904
231657603
339500687
158172249
816338742
242062586
845264436
713058877
989670497
263231678
800364591
7696683
444621002
281889928
715634907
94925790
364312443
557752077
581251586
195699351
914865590
560360781
517014431
775099518
651760052
352109970
924402751
238121763
921735446
567159094
366982777
50658212
688842126
695749012
606103211
7933544
602268783
513393091
178772648
770399683
63037021
31173269
752444212
782522939
322853820
383005233
831061616
959807565
566619587
562101485
532146714
942586180
939012903
599267528
728217775
222644054
903701896
958691744
188413768
982211208
615664227
451504512
445157559
540182637
538251760
689548461
506312196
492594160
430192212
233015530
115185458
395309355
571197087
694859861
454215073
747055347
361470864
228900223
188483163
514616063
204631034
871162731
39240622
504736134
511799363
296202237
377846402
913512234
425078267
793782807
964460448
599291866
975984611
618114567
449890173
387713553
763200408
492372469
96823021
396425459
842109780
749543495
502062519
260748111
526401341
861943724
230650580
333130848
515900980
346758544
785549900
567889705
39199923
161520864
257663518
942117961
363414867
641491912
82616719
192154265
230252611
744943001
961052976
580185280
868918374
907140034
132222145
953411974
554891922
403209868
182436209
39915921
798511171
393813977
471376077
123091837
88915038
702360677
761222108
540206537
129230266
571802449
769591290
748663916
526338888
915265889
786707426
591683283
932227013
484175225
804427790
828414108
377766623
896214002
564153490
702269391
999417852
913868926
198183368
295948272
806792759
923501807
616431723
620794614
616262882
181327845
248736617
466518157
426720773
560294394
978572449
801690423
232690525
415213305
996581150
779748669
754950440
611322281
939073452
762773569
750769498
64797933
467752099
964345183
715285140
596433260
885101340
644395421
371752209
308031431
345916035
614169388
30036129
551893840
149738891
594594683
54959656
583230327
109374387
329121777
433462179
548861955
422282355
615874797
816572662
585605707
167056141
950114083
110879219
36455227
510352199
148761310
52049180
969109698
244412379
950816269
103177104
110519007
336827347
392377384
298992094
230147345
890824865
434932895
270223852
149633952
699867663
902328618
810056392
583024506
989363548
286715773
937318121
834490642
462432869
814547095
432248820
797742365
322187080
161054366
766514381
890037364
594001522
187210862
842458603
806197330
569694078
207102905
851962403
412184140
204808795
904211536
525726022
754924445
473703237
728182422
123403161
587363299
271456701
658960992
911864087
342781604
193717946
423492766
657319869
807292937
928677127
210509254
94994970
17955572
886126289
975358121
214364479
151234260
816520124
671345972
78128773
509909033
598119894
680566929
769064521
448095601
598186741
756363032
971456834
241571129
635943482
94245282
380055256
400332655
713072312
376296267
8628421
190765876
444831968
881946780
474065165
905666766
372505035
496470042
9608320
157139734
753373206
794581527
466110222
547618878
784137106
947064984
271995249
540247739
598810260
558094759
65615389
658692042
119441936
322645909
556362315
93230544
111815882
265369369
842745412
215908114
883668916
582452796
550067215
549259516
87414270
69890246
245123073
710004177
10836239
497215658
284100720
185548878
60592474
572103848
117795629
790355301
426656038
212790255
2548696
256440500
656472066
446659100
221140590
540623693
796988075
552400701
808143705
762491131
461796858
313748290
257673687
280932946
399388783
106612420
769424570
174313956
49037374
647372941
96638740
657389197
806123947
122169452
218821123
706742781
262377888
627502862
699525764
29080225
286594912
204573075
621427057
999849450
537799350
322764823
183375959
733726016
173684481
391167054
510502207
533395371
966374172
487229612
205173369
610056253
521998288
137676887
260764353
394060518
84454030
40674282
479670358
282555438
930227192
221766908
689275394
89267749
538841075
740834322
396365888
85413827
208371718
672536577
95684510
686832148
905951447
778539955
929516750
808848037
588443648
419941926
452342098
436195636
86759354
252171702
546456900
470280978
634310073
305693463
133403326
671719946
664796452
702574965
529656605
753168816
765968197
137405073
53673982
415818083
370447038
960992872
561000106
937929977
972191245
333846546
414196720
528063272
450645056
628004432
395382125
131361068
80071596
533472474
136662067
283022258
305804759
788647823
48904444
929031584
937315647
23158545
662730674
13425874
58051356
774184136
532160568
984528637
149037144
419322232
435014984
609828607
944647455
933259979
52330260
589766108
632861155
428110597
478530853
593208839
450454422
729937346
562016799
521421538
784375391
187855589
460313106
224224647
915975785
356094380
84321214
66267737
520762229
887758852
302574605
572062137
306096801
923847280
269374050
878440429
144287807
605111592
324179122
356313532
647314717
521976256
772474361
186467578
650001023
458822931
121007729
680803938
902127481
447698960
789326924
940801001
3772084
975664253
532113609
879177931
47439094
549689940
295137539
633217177
992867185
980052111
337455727
735882179
667298155
782026165
439954376
884041751
46240934
801760506
330738824
859070685
328853978
547259930
308270125
916158083
911607346
963801998
852389967
274719175
186854367
285155068
816643757
297373262
971498872
69585122
24853928
468627686
970290671
730292879
210923078
3711053
726514545
530291326
528758785
106776102
560495689
471654665
99700661
517107448
595244846
207534128
86102345
363452671
575557833
94044067
649929727
999226528
102699392
105930985
764114128
974776002
862354909
523731177
810489194
210074772
733485631
278185888
712292185
464380778
535203532
840196256
75071333
880785266
968926637
357373180
621044389
61911902
356752713
713683009
941284892
286861954
766086080
352321778
69334502
922019109
700235125
598462215
54751891
300538419
409381761
192762115
907558800
513658958
906251881
42986134
192513481
377418667
560783212
667972454
446223667
489884079
361986018
541926959
42128705
536995290
997249218
236375776
421596430
825032213
268820395
599278187
598768047
400152240
511891811
742898033
727324446
627649464
77440095
771165029
3603514
516962086
129016490
506934656
870084827
828661386
756686466
843843904
351819394
160497314
360193136
513087892
630309707
499064934
622723537
442805218
66361053
674092181
863783235
345955797
246475591
915451229
656941714
776415132
933870239
149959790
663060078
834140825
992333397
202985684
462057711
644691054
633470833
757158740
750460931
755466792
441384110
52645012
500235167
769688886
209047122
677831713
85609274
908491158
818808651
349463917
324200711
827485053
208971489
307448498
864564667
690903546
545472093
17538104
789616352
255381085
89700524
491153531
429046436
42843716
738336275
616542026
197767879
483036918
671493578
793815902
899417170
891775819
480412586
495598579
770458742
688582330
906105225
862984670
958600864
168516980
299182617
899980835
877205692
606514838
516635660
487700253
811609080
571707688
854154185
266699609
270295737
65446274
73812630
298717374
590167849
650338366
670332381
89819815
286924250
317441580
748231079
156339931
683404173
134417444
108959454
197141607
551802267
330413029
74184467
997102726
193714083
269698028
282105343
697957378
299466440
585191712
675159286
670147313
784741567
465857030
255226488
590955765
786669873
727494341
167796439
349552771
116161282
937313466
223128830
685700718
847821504
788048499
990368688
301195281
475269714
433290792
676459590
939201428
192450196
929151835
195887447
297630854
375857495
365536501
762760827
702391968
593327317
526248806
591892341
653341048
589202104
847075966
823149927
576283431
671047399
338821029
987583945
253252425
146124990
784940381
509206444
491253564
181664675
363949896
934162609
919808014
222256937
876401281
521146874
67531435
254624688
405171653
662722573
868164016
129539299
495187928
215705754
14368789
153337609
889408654
483550511
326138564
431401649
741563151
196126314
305877752
110928375
475153696
785354418
275740325
498184780
379272151
312778458
469177897
452615930
981649590
947090749
36133325
953520862
951643474
522578080
687795692
462067966
506408691
774618774
244407622
103749195
659553227
452127897
558392653
563087967
575944445
328549215
465509950
381175510
251396417
368332929
920877079
463640343
651961692
672183263
681839598
513837663
15018054
103747286
639455035
951216909
106525201
305163575
141736853
864671968
554086971
110173695
329652764
476792608
809459396
134020936
738253555
462322092
513517167
658978810
128078118
338682494
875540888
41256731
428327032
644497628
129830382
788572166
540788138
547073890
160190296
77765180
570617105
312095145
355533204
619327606
347259191
511386630
478391263
810843588
633846856
121947021
781194546
276148799
804679151
748167187
436953984
646265488
390101058
768370575
490717038
465410240
284550705
929052112
229960793
782392547
604240291
113323945
230622426
954239314
371275669
468803602
548487328
672732138
544780072
470812423
868790551
554543189
441833858
793515552
437352624
725667903
761928345
224371622
791134955
62322739
455710962
798818234
50454831
665599739
638205357
872962837
698710487
390709696
82316427
444800704
692947873
277711770
452344065
920356647
163455647
382218829
131556145
851099203
376538632
153010809
961346504
78315636
899107077
167313451
433812546
75207456
900229776
619179888
293924293
972124099
96814559
761092035
488521533
702644136
405864315
205132295
333579613
83602283
173242364
593388983
164526418
473720813
168964633
975600300
275434450
95038483
659301777
190590214
185900082
209845894
300609558
953706085
376942775
120863704
245350772
736569651
126131665
148983574
990813965
200983721
608922011
630585239
302017188
243531540
127781200
125840451
601903850
538201968
859311750
753183409
236105797
548802957
489939229
229043355
408941253
549538379
815092906
426911720
951790188
6358196
93330811
998305927
854330284
214854772
783933183
705682427
570674564
758119780
374440452
969636537
723210376
566811423
363211713
207733187
243293424
702639169
441784761
962720553
184522965
787477069
144802240
385706040
45515720
519390071
126104163
334793862
67252365
680798555
251239289
355494342
217207818
191049244
400855034
859389920
895990003
568369131
95839736
533510426
607703376
29114161
285581596
431490215
799887567
281224815
275561437
603463820
887902292
5879804
495469511
935599058
373790071
719122352
196464041
166455583
917457542
835106690
62383994
354054668
699727717
739070558
30879667
755051359
986871645
616350622
613026623
669939347
613959726
849326503
939016589
9510040
275489942
614030994
830538613
221934069
615749552
31300066
768847137
219404075
31480622
108006712
127589450
186615703
997836118
820888135
129801944
940458605
716894452
723654458
22889521
81299928
841897903
319944421
989562709
249237274
708108652
829221202
873182722
760348598
468760778
236970153
241248699
137990339
94654483
254132693
336721260
289368185
249681351
122221328
814842259
81221074
496176877
936192612
73602391
28456810
190850990
643449068
506726332
270220229
763970150
917909766
872205775
246590644
197979965
678407352
623279425
186620695
489475407
293620229
512581156
474266703
908181878
859595437
20836161
242795405
551895866
181452923
659596858
925249616
672629716
961813024
414912560
889668440
644619464
251885296
597137628
349017934
297721373
194099708
951213801
413615014
896588870
705124005
619261859
755434421
722015432
705992100
859384558
363084096
966760244
336478907
460115426
761153307
483579021
407557978
276492311
146692609
18131712
156518344
346782102
780555729
208672409
349429807
371082239
73872945
259407272
924708437
176611555
666899948
417766449
771126200
633326877
53456398
892652117
285090280
932353478
297458016
688967402
838894518
770084183
95290136
64649611
65363753
510783107
734868223
190062544
509697871
457818577
77558125
61712900
964549653
64562868
505362870
237497268
66016045
336654059
360516889
638052484
659424676
867956901
37762314
230457697
431195806
845599064
221586747
55958772
371634165
856389513
24674306
692869697
423326751
828870578
477364066
165824334
44915931
19891515
734171060
905034216
66571431
987442494
538625298
79226769
327347479
928335315
623171738
37810053
561096175
134292278
683368279
778586413
128930362
11538616
899488667
419892220
404899036
836653734
722201696
904014072
473169921
698169865
130318576
898768248
115492025
203199616
764422603
470744050
43484949
650546526
732971428
211168510
637034651
255857549
420947394
109795694
973015858
750244112
51857034
932216547
271690918
791802968
92902282
885838745
930809803
205012364
189267005
518055926
805038317
681930948
688878523
390245132
448994811
378544020
267582644
508209079
676387557
544178897
544270293
689533317
84462514
312857187
859891606
322338755
927345551
398439533
522888479
134973752
847900425
728410046
325333204
699969629
488903623
716008382
530094667
962785866
116998655
868542379
498824708
914857942
658911855
657805090
249350005
888578720
1614461
290005986
312738561
110244192
236497956
793250151
234218796
519659334
725022625
970911079
620607415
781221697
198067124
941287027
695378893
561695181
122628833
156485558
595690415
532945057
26263336
857454116
549224548
220811369
651208439
959587203
218713452
84358651
901836943
989333845
358333717
641317496
63076124
892659203
563490263
136683358
924356074
156618527
634394822
950059750
166443357
572553603
785889483
296076320
757521375
441576736
614659919
222483866
980971071
62414960
59772502
477740087
798279940
478252342
300081297
463187898
404191176
916299820
39773793
344811957
615773662
127538144
494672592
481097003
378536269
58225512
287556436
896959244
997846671
546621118
274399417
382037670
675232846
678453728
487183392
94617885
503999675
359514386
808668790
270965576
764285167
286360830
159497357
511211340
438642200
748077913
784966458
833749302
972115475
327650189
147162603
839444641
765159005
447026802
9275789
760514989
463062151
255108664
809153578
187050039
640394244
451413111
184918260
787099965
9427034
28203875
547881531
494734027
448499695
618149828
570159059
38774560
609622249
20081749
977929049
805675678
226017689
443781826
827016450
447381385
271732428
873365276
722184476
190636661
203639881
467876677
403307552
883621644
449051116
86049685
252825766
347347747
467986164
472630777
921924340
946442237
749999335
580154144
20458201
339724053
917407921
624765728
696362081
568388599
528569785
717641777
537765927
925111738
525566293
97346517
851002478
930468017
379254251
520914234
326095189
369762070
25220583
780740869
908537917
712703670
586059576
62674559
628391120
349796097
377080448
768972050
856382251
341205173
799055408
308814058
778119014
88312643
158304894
758771314
278694637
376283619
57104563
884807351
455893691
435838219
789291502
642783088
393426011
547797185
709838605
221970962
874467131
114596176
292840690
247456240
321129242
599919667
446911214
103688582
853064423
566317680
14260347
199483720
772865623
768916902
965370824
231359256
145915934
845734454
930416959
645026655
111622584
826853541
132515523
325064906
533576678
279328643
900481885
194109304
355637377
586792309
949089488
539769581
493927364
411337881
553079233
694925501
555159165
483166856
932936921
593481743
502025586
510904704
751717046
906622987
460141178
400538275
772172501
838486126
572313448
21392552
262779519
842848657
785815346
356706929
811728627
62227055
360856821
498469124
800701873
128632969
608115554
355885621
484231778
118938567
169787017
327873399
920571306
671770488
908545538
880769464
237533441
815098160
808138741
472562967
959767692
478586963
652782434
223681350
807580801
489901903
708599563
984939090
950829002
760977859
363449117
160926149
228644528
911346463
11956383
706766794
57721225
360202225
389824888
152374963
545664368
267493973
737310514
572987195
720177909
924705204
898357533
927919043
129820477
278138678
429218120
23496379
128650120
64896154
59915183
435673783
338353482
470306875
367086864
668255394
765323937
415089383
677362814
660417408
388943317
684688124
834570981
22659474
979416824
302850617
443207330
293622153
482530869
145451269
641918334
303939884
939032159
942305824
775467013
337105785
309545009
309297130
170299615
486353273
449596708
840363327
697925095
44888395
457280704
2426681
18232623
903573497
760924458
381512599
667369548
485209512
690105179
421185577
332926599
705099315
791196951
810225042
170076767
420331567
903600888
237262660
568120770
358363997
459428044
894071424
301624578
99762002
537181272
253302351
851949035
894310366
859869099
667819015
249403000
474379977
246538408
551609138
27335385
643446872
507217765
427922953
862320931
900489553
140693645
222936757
726278664
442878527
20348532
40278403
162204261
186414937
720359905
93194366
136665557
432600739
365909470
17702796
364827038
989538897
12891127
768984894
525476391
275760772
611782630
104145022
750188106
222261211
70685226
515797531
133780663
322728686
393186493
441341372
20162576
70079173
974283086
626498698
502192948
25125310
765469883
149576353
175670271
506988579
999205821
499006784
567828543
535254607
382451284
969674843
530040476
456377467
548830297
76806387
376930883
514570496
324402833
345251040
989215878
588208654
746231532
869145065
332328640
385981701
413339271
142264382
36956738
499841358
294784335
41635780
2300378
273076708
846399403
704886740
792006799
709907456
150242810
945844806
10360334
649653691
853108322
997063370
729856254
157529829
249497461
727661706
390410017
566209349
223958095
378939725
358662283
333198956
411775224
580136543
996477299
309770730
445802980
187045904
438221518
744921939
929088484
804818303
846698090
895768558
596772738
154894479
764142144
962514536
369249999
949988147
564988130
262547004
180447107
276246550
672028261
690305478
234145852
285620026
33101026
604681412
59696863
638604410
649401145
390961750
96435417
806548099
374137505
488952440
146009497
753091868
583525461
850957675
607364159
962284719
426809408
304672775
432266566
49040009
445647544
131122826
810267465
5632356
396131178
406056449
181027258
529720186
550793937
595446103
958774323
452962983
102488947
284306609
844169497
324943255
204348205
162652882
737725903
764732786
326946794
87526521
666831085
370790791
232488853
166587458
405137977
37130122
75427736
121797482
399444142
882335913
62583812
379901537
407012793
777667781
292993130
886592639
966423517
592291483
217012271
746038074
783948662
338544440
905766498
719921837
731611056
788773631
918184491
925450574
172405332
825992726
517426500
276289655
38030173
95649415
485064184
901800150
521626004
3729325
368923047
97601159
187429510
364611861
125591976
12290024
225373976
859240403
306817628
314394103
928451323
801111674
368082675
821405070
556600861
748588112
500037718
469373124
825333403
150773117
237130631
583626997
402319888
477264180
373109399
393099369
925158780
506376986
251293383
968169782
749599914
204379562
950307214
348879557
589558189
421068280
742882179
104595233
97478748
720361216
910304515
249377172
393877684
570137045
227151863
81047327
527345201
752272698
432078537
298628113
377146587
448201404
519884948
944228921
11157279
451889267
586558352
748706894
407223079
253156075
582507998
924684455
71799633
908634628
614781610
369983619
510471227
374183218
38360980
67954075
66433085
380436146
227349911
836104999
367710499
135955819
888205317
421812690
421094622
736942625
306486492
397006113
330747200
817097894
459455818
543258037
477875405
833932200
535142020
52837878
680117005
76291501
822175417
466705328
433931818
644251244
238662206
277326705
815862953
977168699
329813708
318603609
546979317
255458104
855821168
606933018
403814428
704323746
649012000
275381701
97488025
596289885
759848107
740582289
926115950
241006913
968435103
327111880
731325658
786150673
894026370
85434615
855350494
59796304
369004677
31800286
206502572
189266906
694196147
195578119
417323480
267145757
48127311
706162424
965965263
276348490
883245762
802915825
445683146
263654754
343855046
506105990
17283052
115842104
210688913
981790138
572415587
233296693
758677024
634308856
689135327
136947945
875553058
166048914
583413620
630319836
338340360
101256710
637482116
762977125
15819678
337951319
602774076
266271015
90819748
826189124
860952743
907804506
705738391
688068054
726071539
437517831
464110613
91569669
279956139
11944013
427188713
201563417
802844403
331716620
745679224
160930448
244522511
256640452
871754899
922552965
491088427
227107505
560153068
651994880
607758878
385983985
356651502
837805596
591170594
670149300
479117051
301788158
993516216
173313317
185712383
872153317
961679527
919005978
583304000
145739387
359461002
713133818
571156471
821463166
644578974
845617087
988110618
253789477
241342303
64374103
882060958
376449391
594097926
951547827
193724827
436835528
181919248
771113667
162835777
182464783
869902333
913889781
877439549
294056108
56320725
376997637
906281065
707554192
60309628
248567763
922360909
301644971
650110000
673884390
526698591
969025047
930880516
122173657
171591245
234002253
429223384
345713839
669302288
220157100
58493701
101984269
229286320
93864391
52023025
958586019
42273237
871377954
35188518
414963154
161068873
260448207
773833278
683180434
908419509
588062967
779315685
337074700
725198338
149683863
341725926
666477223
250079035
936779951
730289449
890127564
377330083
633734013
794056737
131277596
92868717
847316802
838044907
460271073
344890889
190075687
991926292
118132106
208969312
975266617
703433666
583719671
471288950
472356155
819835321
700359344
377123213
620029795
953116779
829416078
659369842
918797849
843705075
891289885
366505831
521334907
115083796
314756581
740574556
475228055
720555389
167654868
700172066
870311800
86408478
60363664
590966722
390224580
379458512
996624403
805701385
226172090
573263139
692440119
251730750
259632256
457634813
973166021
7007970
586359634
711469578
908969266
470884014
292604105
958444844
723532739
990888052
922811096
578923480
645333874
35017125
279434687
453191108
873496080
654728949
466866865
564056777
508515271
915713973
383725184
881065749
186363085
583321947
658364103
44262774
897730755
163466772
980068685
873685933
893510939
115866073
670466440
628406770
582922735
245329874
385742697
507935371
383523602
270312585
352149688
818700449
114125270
194025664
597247550
948138840
125741995
803147190
683663767
252941235
404230481
18827918
484011811
539244257
347497549
324500798
700471614
335336902
984209988
583691332
650070009
760317509
204697851
281657168
132441948
769783900
812088035
63804951
335428701
66240199
39086488
471418329
978313516
567177920
765728680
505842936
440493101
992694746
626378412
964089499
82097907
772562213
339249176
748403781