8670
665477734
705590294
727858259
36210320
726727601
29295905
628641877
390089854
279288828
291690174
179855667
668550035
738684891
128992511
104516485
786981627
357460113
478201520
792924670
336526681
947262598
972849653
670989329
376056325
625655836
372978019
926381101
995588181
885336781
908726255
886687343
439813477
615365177
736634632
473208334
653772944
43262414
717033826
136132088
439774778
303126690
470269537
146898781
257894503
659070434
231691600
878289784
81565157
233898296
277086981
865987444
865967731
375570565
311984178
213642122
170093523
22497643
714591558
310390374
865806605
325210535
437145852
128182165
792306403
908024912
777471003
243086520
394140296
36461924
187397585
966489747
243057221
687987153
486456770
437158202
137738185
315994075
254446504
255933603
162034053
885151476
135892945
198782826
27363501
940419900
311826414
216251623
491273740
2245695
125175793
623144852
438813547
431183604
975131204
400182562
858320347
828448983
322987582
761835023
251155254
455195929
887762038
130116438
370722989
883103843
668244754
596164417
914582772
387223945
372819178
416551662
497654170
611951688
352372804
829993964
86204429
979441031
865347844
568621349
940697783
252214204
337858489
26520552
308949448
813292293
435838626
956625046
872138997
830981458
380409250
543624692
30827918
938361433
788428058
206644892
885128432
122516842
647492992
593400967
157975805
689936502
900291100
412532016
29533269
604241208
963356133
344181793
378865212
431037106
447104294
173362653
325097693
480367342
872279802
977868374
378106592
236388721
477528502
253133189
27301972
448375915
441303575
799298216
695447191
179857347
765078112
430962489
538606839
575077378
490673260
604215880
930035581
697212659
143357672
281599598
375501981
845916763
622021589
221158164
755785532
205392394
826025411
366382870
569159080
321245199
125014613
869929093
986726961
230715799
760631762
378690309
532711541
826602618
405563159
18669103
803323265
977363085
925756927
177898722
463780826
157278684
343687300
351782566
911097582
830461367
646742390
939534978
311795481
698081129
692062135
534424879
811487767
568729165
647448950
750652865
906136017
26798808
867314168
425960136
482336953
723876607
410315214
370956111
917827059
173994930
73597846
533570699
280223854
159192613
658425899
279630161
214869495
333354410
873760005
880685984
129508102
138134785
297176227
424038611
43695910
323653527
367568738
51779172
873709228
185397664
765185534
642873575
897486446
781396586
653621920
40098255
712276954
24440122
349151000
474741569
267758582
61953552
506875363
756912945
647360573
940695218
12001913
431794874
789987517
67057508
857910331
374636675
198694130
674958420
166879509
480923626
857019120
113143566
776509576
794474711
729182690
760590880
25646978
783418283
976733785
487591409
46579753
580469923
154101012
600035961
116311843
323476546
956055707
622864670
325242740
975287623
160894318
143355300
949338471
612670766
218280724
287746759
496420556
338078353
580872416
277674993
354400038
989430240
463733490
557145586
516120367
235891407
766914929
634883073
109854555
277356359
630227059
301664664
278238070
719285751
594807719
167660965
59156488
192126197
150411468
233733044
902670283
950422781
853652116
311330040
631914598
213812198
196552167
978951374
106737034
526131147
572247773
824734832
430008315
497804884
698050086
690254842
820417967
836180648
604359041
189908599
792084256
104699167
271598483
93247681
92784844
722564312
730994980
312270937
785053773
907369589
319739110
897708689
920732313
84627408
991797200
405005873
725402976
915416405
848324884
40782934
551208794
177047915
256945695
101407042
30011003
765899143
459694177
437026118
9985071
796714158
852598063
535679476
157125800
751158649
698022131
623449507
269361331
736166982
536554624
790903101
103894923
481546876
666411559
616210068
114713828
246744543
650641647
383177936
645354185
538932509
677630663
690853020
102086173
861002672
821126900
942490795
605755704
910480746
612582277
268741597
110484698
528856756
171065742
141186578
746561469
389025800
944423764
35820008
484386902
801489769
986300120
86160764
872527137
808334450
240343505
376033928
811579788
328360971
153579616
569251563
687731332
156416225
145441841
715262160
774238819
237239261
129303064
636896437
37355648
947540094
960045655
444366165
362299951
961032599
945545218
699381228
874238623
567398162
273790332
6295397
516586642
103661585
841947480
274476287
773914821
516334821
332496493
173053988
88773182
998944554
176888542
949614057
475355730
462100294
553919001
180812883
529551061
395709410
375066708
798506845
486344483
786501078
398605
869806847
704826859
558185669
257473299
684203045
599928393
530182774
503002615
505420146
589688209
460830053
250790103
993591748
487921623
176501025
886096660
279312840
297952634
85933314
632025640
762723296
504778547
142652612
785361918
590423279
99423043
566724527
318425050
491849757
725981079
368723477
286112652
224625514
201132971
239776944
541317197
625845075
327263758
406124112
86331258
58089467
628794411
239046834
143472595
371911168
631357918
217860482
46706405
865256889
942710636
651268254
131221197
725271739
157659739
911413622
635291686
71956529
320503774
976809883
925176128
334993823
46499702
211870897
767740349
796700285
514547684
851303100
223350244
475207090
872543219
454578569
165143611
424115488
983726956
751323187
280851860
604473188
472849741
184158325
908846869
520750290
837322447
870672207
509478310
162996519
203151701
498011755
638991597
820530498
908978961
149614678
306226944
300506638
695019305
986364054
879493121
435928067
673750962
407498438
439907341
415405914
255586427
244729627
747677938
80455221
907280203
710528245
497457246
476340258
408417175
474017270
641100705
908367561
80586372
194572935
95764803
879596956
599600307
534180406
135750171
663548098
572886921
458761786
477027299
781205869
136683803
864005301
975289995
664394628
839144292
444336060
178172582
90683007
95709530
416358010
990989971
399832689
871257928
144452505
96533412
220354757
501434338
730955813
103290442
70175276
108291066
295947224
6500422
596040120
970555345
11929952
617608912
412325721
265522112
519611184
711560266
478763323
590514876
299152428
117496658
261432304
34873791
526321632
674081867
446451901
488885466
759058332
674683508
751809074
975221582
155662395
72482366
537439397
651081763
842457913
235859085
531421323
91330901
580475551
600401422
185679685
278209096
656287403
528865701
343379125
564510843
680418647
70167163
337122917
74437074
633732397
256127174
428688921
441578954
307001183
388763257
447045623
662522292
950400153
931500900
472625277
211529510
820333266
564543519
676676595
359377567
795340777
260950635
499869461
410335826
477836190
902975879
229911402
269497206
461888487
442541417
499118339
977303452
213492633
312112852
293933331
386495524
306919913
773458826
315787889
206586934
721802988
508087922
49950029
781262993
118314543
63371375
778999013
641290734
486274863
975395461
692065724
978751983
979294139
690459524
227550528
583254442
666076618
919754877
942006397
208079180
885240472
566704804
104586857
755969543
801929665
276756347
934706626
626621172
651519418
94364685
50646640
161709353
641295425
351133250
512484536
711307300
152761902
154418701
736669906
469190475
542706193
946197307
741417368
475633412
839365210
947987810
736752754
55226230
829772396
33241847
195569796
121567110
954562055
930685980
481263931
793655963
114484918
621387593
899976214
398262100
757267159
985253036
192963881
738146306
444117899
472373400
275932437
699468774
588840715
250286198
928309765
161452125
173572064
586134150
180769287
542964670
748799461
386194102
489222540
885308866
561654633
251317060
798878565
552005074
139528179
843822707
108576373
246385436
430771028
672947771
569795075
449428300
367578908
26667160
38662231
307993768
551626404
698149195
624558941
780401410
558422015
42911021
174975192
133631811
626364541
597526662
959276488
843985005
409990743
848011661
535384234
721978268
748304497
34713749
869571015
987407773
304880007
544731233
939619315
209750072
754235812
780636339
891773921
481636992
323632686
925964784
708778573
459389562
353215738
562697648
680172072
865984720
881814010
88236381
355881334
400032636
626897055
197347588
39526241
116466929
441399530
940346948
202456632
281922134
462321490
723668707
310115665
197117748
602747776
408774307
893299804
337881089
515971904
36134142
734430242
461269906
828443055
422489124
288197965
61678755
292844288
429050295
708708648
605728201
730654198
241393684
377735482
230276422
187766722
55703907
805399815
956816428
546658579
911681727
34992934
84891468
249261574
85810764
66151152
473509775
54239231
624454607
686429813
238178825
366191442
109542134
669610308
792465878
542236866
93796370
833280821
690694680
320673658
385538058
506953286
929135854
229033603
738137365
191692433
756589890
575905658
960791626
606250011
191058148
435239057
546863847
416170953
948691517
897165504
308225941
421523792
100976899
187734927
441000115
68160013
41745441
478494627
740819792
385851154
19626715
411513414
97344978
240236995
572902308
829586701
605729696
481396609
440918391
508482138
770438509
984078210
120494449
50321569
63893239
487804949
652902461
937521153
677046716
256643397
287601158
248834048
276656211
521057226
552714717
360117569
126964276
13038670
222929223
521160987
987050959
763823899
610523629
625343010
829109227
7419569
452966394
394582614
107583291
778389649
682082268
233785821
867053729
75580480
617353915
364092291
218599388
831042392
25094221
372899137
983703974
365381332
679070098
919740554
958951748
584711608
832979587
547836061
920840617
120717752
372664004
950127444
981127061
527040018
574510503
938834616
420420278
163772332
729973977
393656757
92866767
430944462
725378558
876598584
560467434
749285475
577884746
807975564
371336526
21089734
135291149
855042566
627624909
57935104
889348237
368419855
582598244
366226604
227357866
644105409
490778320
39032202
403910106
522702935
291307945
709470166
115012227
70041205
834175104
28513353
966964480
112713637
838915667
218010904
293048609
462594952
206653869
948571995
144637426
699409760
945618755
143991127
985436385
196243749
615517775
866372149
61902109
909573585
18487832
679409025
864669889
161752845
695818020
880574640
887172520
985932819
7263508
566892444
65936131
153024813
598440619
885950954
839205900
960227760
293737599
933202222
282334557
89843013
629067339
972962931
163913585
20485665
313104860
547765227
447288859
674261260
186991745
680595079
476622633
85857579
543759604
204104420
101283140
741605457
156489635
60103245
720808994
989097465
568353137
927243221
448762348
692353010
354404654
903922781
813276770
173290084
671264114
199177172
697337475
687098137
564592986
158020739
567188617
343146395
139550839
307759534
523012106
349102166
87359594
691268338
966203435
904951374
30449989
856049544
113707233
671700523
385512728
475171421
403946986
910876535
509668658
717330365
11854500
645330883
844418924
896033426
987956259
487582016
539692136
968274790
152126095
180925089
277909820
845053757
257190645
880432705
292103277
4184724
12780419
11754834
744906370
227576507
910343326
205982857
866376917
638534430
677237319
101489828
460493106
288779883
436257584
795468094
901896959
790455774
203625601
947291525
757715105
256995028
596931423
333018749
144951900
307397918
792261011
851767311
593750209
9143760
726460440
855866298
656550252
95146936
706141248
97942453
834227796
777986016
619310223
957102760
281764052
76519087
790723108
354955529
710478838
544074875
920327477
743275898
124001565
947168411
301776979
708601418
160493697
628026245
387356787
665429476
493806366
490580582
682402470
514299142
485417574
371631609
432680414
52311838
38533199
401487887
961814872
491127280
993404035
789245905
450931454
105916233
992847767
581585512
893470710
274230259
751077456
808955554
579601622
280579060
380977203
548043960
861992497
158213390
256961182
637528406
325802541
599175581
317863920
698485865
851468322
734894544
953384616
992866583
172459007
80616226
507404829
864580385
396819875
667937904
452844645
576937637
424396573
832535806
610963559
350714563
541861799
596829580
775368387
227628647
430108907
135570390
725426438
486676239
556731794
851937413
551720392
776212398
711196648
139381681
289998025
968771912
416619952
699042702
819639908
281275023
641071635
779596222
181349228
856635527
726741931
384147168
62792156
310299054
697583445
545038928
523496863
597020013
266216228
990169205
860859490
44226903
966267807
740666285
303265512
419863585
955118445
388742083
993649775
563408361
222490027
264670682
146140456
332541498
346283789
62727721
909529371
65645576
176818963
211598115
152144389
727600471
396778896
557015796
618595765
844319692
750760164
378371596
255881778
159418968
115892202
633069110
317069977
661685573
945663785
505762399
405358296
451614479
128842015
581162811
652846839
342284091
198351050
707321509
145986872
694214678
574027727
273174974
484736856
35840204
729727894
32235888
791599792
542700196
776358875
158502668
339615983
696589774
729177067
514257851
880180564
96578045
159678127
607718568
760882047
589039001
99197641
422034982
717347941
827807059
740180613
711929000
790415873
421151944
86785511
406080837
137783436
294987658
172630811
219721326
735200304
81645269
461563277
94725853
487874282
672574729
949289932
343997335
13785592
836687387
763111951
450147885
387479109
189190803
867942866
687126392
866876786
438994810
853403207
366925904
822148912
988769714
499615980
929501539
602663904
600857677
456223910
479506253
531017131
782012172
273656924
776107506
390290422
178896499
906653239
467949313
293762476
522607061
332358122
102989577
428516158
511969927
437701626
823983449
670966165
377057440
460724326
5239145
895014348
784220609
426540732
974366328
807173772
472422065
722713414
455974455
776264612
291564615
231505272
158761515
767423257
145398821
694938427
605661089
282904141
499371862
161180259
975699120
250914429
913735315
952491027
839724092
65105055
793360149
669839688
764975011
587506927
893014496
867857352
528367563
434342840
382785403
254381915
824693252
968946318
858729846
248216624
267807329
836059918
264982143
739406626
48910038
785542021
74783025
912218278
350956234
187845792
626742622
456240764
272335403
206397186
92951930
720575278
925714394
26167174
317012359
812009547
788345469
910208573
303216558
771816755
943201619
151575606
678939679
799731859
633364775
323594929
879317122
469134993
488302861
977723474
239561751
506625168
762426980
77189385
926919144
448191156
91472583
276694800
519382067
373939162
670876917
992910675
118106079
573552387
453060036
934971824
890317422
342410282
488340900
950688971
645499165
910894235
807746598
597058531
561912103
223261474
38541049
432316578
588661510
594557073
328470412
194450786
208057549
982104972
825742029
390461496
898415325
499891220
25893510
696235241
61361598
219903831
753777145
69824442
249087550
583776328
883604860
22154307
754364693
844839504
30230077
108050789
960943481
840410385
500827585
380113288
640684704
222492746
980733222
495440
360354590
361827950
788983449
969003657
139102932
124093371
771007309
347119690
903172109
838012508
367637526
385928044
40946426
813139121
604714167
506844030
510487652
128263296
834752455
581452002
767069186
871522782
210096788
424850737
49211509
977710040
461596298
436598478
903262036
18132089
346630169
388322329
810507223
6279011
866275976
341058056
498227891
568776852
44534897
994684128
270330234
619640484
162990389
601727335
893545611
633060090
543976955
822607558
468900344
26823499
563422530
835635565
381356431
338584970
611475769
477635117
542650354
63555406
362447292
880711144
194057268
288671857
884557979
830630769
816851450
309764925
871094289
769375462
642615404
111949504
871504674
635455408
935393228
513071057
529503358
750114640
95388589
896964747
83535424
110416968
59655440
724914927
572369799
958135446
965011179
815704500
538550795
514151328
203220624
568366166
582980172
981672724
812328274
51204216
471815889
928656849
545781275
7064586
812956783
425231394
168565559
566006242
315770053
367601393
419432559
897772353
176246922
834409891
610209274
241182702
522137475
427360010
200751229
370033595
132668403
162996011
800337769
199971606
534921443
639383133
502188289
608533588
585015050
69842211
607668488
499135090
942349328
712234138
65750273
712718544
752674538
549232716
247974672
763719802
947028657
687311920
754613457
265790174
399386627
915565745
613135341
423022273
166539693
754161666
390673044
970930106
364738842
98875303
565986550
694618929
612569635
864262298
256231778
125203867
439517355
672122602
852956316
495284560
62213238
947806763
876538923
372502500
617266825
485179847
549773510
545144398
925909526
883983463
636687208
917223858
848960008
137401985
579489378
34102304
867696992
882104564
603540440
311118251
655854024
416763695
554153489
670597564
684623614
25173340
681897492
436755439
629573107
433438433
623700669
982128409
512783270
490875943
701878900
626640630
311726547
857243298
43838517
31056173
80928842
191656725
481746858
234606933
803364795
826160030
853546548
694051815
381336387
683653441
648621925
579335773
844618284
361017003
811938050
753655936
233015473
483923617
836539381
128757275
727832358
541915872
385986204
992271760
671498669
730707051
794807185
774570974
578363579
478579660
335115878
593777538
61165533
45756527
38438583
329990865
911433467
131844018
256978457
189097355
910405615
707791173
595836338
596789339
68392
802970488
412598287
496081119
545139986
971243132
390596442
550392232
407602711
622387067
429363800
257514888
448513967
155886922
530538598
151826081
462664558
997687916
852417059
589075137
378745622
212330279
513466298
441324914
319327266
175951252
357650783
564382102
398763603
936106784
181203996
549986673
228216661
111278231
350539748
268692448
858158094
350983418
956760212
459349857
622969913
275885406
520448421
47928976
645270124
551343177
324826993
662519787
442460077
162921352
801899708
376612926
32221681
741787135
727015571
777268057
832452171
770242822
487236345
420199812
204081027
45799839
853773925
525619887
385435731
598745483
628027567
990137890
826306315
790359951
594790074
198397461
155429191
19223143
353048595
842413457
477510379
135065406
467211910
9003132
386103995
289153310
626387422
187717808
211892903
676308795
202501224
864046428
435001144
495683574
20505639
661250407
827587653
21039973
799650138
994424218
460273478
872157750
684245530
31542282
326394103
890916068
856673673
630886537
702261941
654594235
826475228
972096805
555128928
89286273
515160085
286238704
219743605
101019141
355521386
369436029
496405723
846521955
31271416
255296122
542411059
50107597
94686989
196796268
714841168
476820487
563465643
445364530
312337284
610035200
359243921
451216083
983631193
673669297
983237135
569300822
782925483
635148238
708823063
940479698
732753358
519659057
201433054
851792592
991486052
337275346
365387344
348813888
587201815
526171530
340260235
664851152
916539576
110057013
155097692
238502000
566048568
858226836
378466570
183092466
502089017
266578849
769783651
235520439
769068726
17742979
881023371
954483129
364657553
718521605
101916648
468332472
399737443
626507503
355461084
294530743
279620875
928208653
980156895
406018951
794646216
103825500
485483452
155024468
316066861
723832619
60642356
918575222
29897391
104106310
63834747
262416356
468210913
433349239
595773918
24721754
428775452
584288060
148519564
539674617
36816599
708010700
302611475
578303740
203387190
602248685
334155444
945574863
903899835
762045071
83010701
622512367
196939764
112687833
678243915
599511962
386401050
510219553
297599525
977108691
412150602
154292135
637252240
668220555
472754184
818449033
346666481
54260367
885898648
150467101
992985697
116373361
88175273
810376127
108872064
847117917
594739220
889726875
675514049
754509310
666941835
34203316
776056969
595735670
756777292
848891407
801233315
612571491
94768199
881061443
824565293
327163935
927315840
347836597
601063517
140967880
727769115
713275872
342822609
487315937
993931173
964894686
181391341
215738011
758083410
415004990
320037800
460492553
230083453
641443079
560947788
867993299
644530179
819101678
7898519
290863767
426182578
772181096
622623365
862892154
911121941
139422345
153194194
802608923
212556954
833572868
825015799
68311428
958381023
846795856
295668917
940962853
411049216
618274719
387651996
849902253
261650455
612543490
730993728
942581414
106880070
865189130
841968539
161106763
253339242
117487646
473617831
818742352
856218057
755991672
499650924
374579622
960614714
789164769
981791031
39939904
127744778
869354641
121023057
62986604
286243763
623269834
678620684
127666106
48901775
717526932
591014847
839066279
30321879
853889014
202294006
633907406
76810552
641669501
973033021
664092928
537246071
630099219
591508223
98601531
315406041
27473508
899727707
811241942
863903018
926731951
207500793
156340108
44345682
955610056
214182505
365607799
498722720
687434254
893083828
959260975
256389087
98452200
216680081
100249216
41846404
359353764
929461923
183845282
525372642
323852915
803524861
832593637
783542447
208869548
466752183
8837126
586786776
497899139
13450484
809838046
820676420
158379370
786456198
875685781
215900251
572045411
792763371
136829535
185698998
771255917
564539648
853016000
336858554
717201492
573925430
147871311
795959178
959589441
644857744
888892274
654177262
27312468
425059544
333363188
12147607
829192217
583435243
847449755
861812372
710027325
23630498
254539974
352758353
58478622
592069566
341365203
835728859
306134560
652699062
599915977
903720569
522283548
544289141
544865060
742762474
396174793
256665552
613599371
670197581
841945684
706851631
551341456
53958497
368851719
641457834
480784112
134792598
152941679
970188108
801325951
327742653
455082773
424271543
123250200
629317639
346337490
677594668
657362206
977194541
999776900
91417909
468539535
814940802
2957948
473570209
590573117
451326369
469710078
975647687
461655269
485356662
604886964
596500418
383442919
230372251
725635847
99377983
42136093
960846481
306552768
195611259
889568892
151812431
928586679
150855058
765061859
271732341
77763349
971275644
964103810
710582634
611059166
189267487
446927107
519065129
808348786
613526693
696708022
280057868
775700493
68151695
32143245
752377233
583353053
166613604
245668842
251864057
548348170
79421745
146362704
278648947
652829088
387949314
687783406
25262052
93012146
498970363
937852470
805216815
917055809
241993845
825985740
121107822
369396101
514551045
388266777
472484372
523476128
211894427
430831053
862848738
950864889
241836792
452780769
773081243
291206509
408589949
277450005
487084608
820356586
419106568
272072837
886916014
655521795
960679675
827350461
521451492
298589086
627177644
531862986
503025629
577040195
55568311
891016736
161929245
730497583
227097099
101252228
599258042
956921479
976098727
55395753
173480193
867295001
620688291
960350188
924173313
340481800
195581844
860645449
592480986
470730060
969253418
496128145
608244121
785492396
894073971
682244855
106230633
414482010
388346178
927360613
889585089
704930059
452475582
147288255
249194534
730503174
880013829
693577857
756510825
983651563
700878763
313764943
393569598
580674842
744201701
691697306
810252191
668313208
537390820
981874106
988971382
560548835
825609604
193567888
299960137
620418564
217902855
609296071
836246908
484593814
514353415
994955925
133860821
891116626
964645911
884637856
971042905
95665139
623263324
850024423
480000233
403666485
697790719
83572123
525861588
979747461
976134688
187537365
810502930
272630303
711579645
123646486
455330913
467658095
40197433
5773778
871519928
944335467
927826768
874406930
999157135
271748456
834128857
361757949
569854793
642848105
308560797
239270159
259514737
126611312
185455833
130055201
352245499
600831470
878908589
942545729
119812481
837714146
297675763
910954341
981755658
990797910
299516461
513561951
414779096
521561283
90824203
143345465
918530011
541189476
794622206
423448035
59989058
987108648
38597290
935127124
677848783
762985789
837394507
922427123
348013300
107415553
809625325
858687785
161514677
810164053
897453840
436220342
844383921
259651524
714268357
868124596
841862491
369155219
582464206
752916227
285706096
28990392
820763606
599464107
122149480
616170712
642381386
144246988
239563954
618120220
269032608
173976275
962718983
721470367
145955595
828452717
462187594
428960742
754127890
302067172
204236145
775269132
934462226
622344882
442735718
168902614
998431320
498641792
506014007
534001474
647834975
429502055
925403162
381569941
242436863
117083672
101646840
110694697
339635097
700697701
41581197
733422574
105488636
210136611
552132545
357027251
445203777
82894090
147220650
159772038
680415664
284203596
439745206
526129201
819917379
56134029
822051222
674808372
343980477
829375030
876414910
641594269
293251188
32889422
334873317
248702813
252539319
422864012
958287204
150726601
533889146
65228988
378217568
229195382
760328313
980225922
745168071
910015249
91000615
864024251
395117932
314814839
292527948
365742178
993115338
727210445
890186819
707981015
411373816
182357037
630776380
451268101
734637206
426538672
168553619
644835487
158945131
638896799
475842099
53159834
635884524
317699438
9895473
612163474
358150448
751851552
705921451
937301070
807135555
687903992
28430866
72800595
288556931
561740145
97590791
272068642
674033215
484937650
59621261
465874897
921011367
368288100
455169212
968180059
515417553
88820963
171056271
981471329
195046067
191747066
100111196
701424142
923804026
791930265
603321014
838125701
401365385
203502956
803210685
358188630
555558368
652151394
652419681
710011706
573820112
405045642
509763247
908058150
892616574
491938005
630352772
570722717
372439307
578259661
737801011
662200445
132023299
308308981
659027464
395877258
308035789
865768717
76558653
598332247
903383072
982556331
802210111
787478527
81947930
536278172
987333710
794799929
498473656
315186973
138822298
386100447
903493448
841603106
174678704
88414699
128192110
820319432
778190011
170915797
778863009
921263162
220872524
333019668
626728484
271679712
551474616
278926295
323844954
438649173
270777268
821964704
300082402
614826155
765558989
390228758
755799047
519784330
992224974
698015356
290133152
900726126
964692777
103386636
524644851
740694000
726615067
767358080
306744151
334528343
307147969
82110144
355570143
137525107
727264198
695593815
706168404
521503614
240710808
818746533
115914109
147701473
486269177
182340558
564389912
676922503
490179581
609384495
956875190
807683560
404072599
99764524
838183484
261427658
22472008
552607409
489611954
430370920
108624988
753465222
899960658
260584828
385251808
104818497
694648767
232013003
792598663
110121185
680186559
860280028
118365459
453951131
327390838
519863154
554461030
76573241
37318241
598905166
222304762
188554989
520466875
450569623
931440067
178954212
697858192
907111670
988348787
941168263
791234857
811725589
839259361
60574167
573960449
236212735
202721304
415905500
563945551
865442573
955160365
467949831
163814645
878337141
325441059
81446448
167917648
46485220
941800250
62535708
720179854
326777326
987024222
209631664
80167821
498169520
925106521
465411456
973731096
402402730
964584626
437500522
817568471
471033559
66806721
946605298
318165591
426720608
220819892
213822117
858960334
281760847
296499895
648184875
951380153
895273256
467043936
637927441
655095772
641420714
431263263
978284067
151935609
781138106
320274877
671520256
934910855
365325096
442480511
868660525
234085708
748929473
850161008
18650090
790240580
311246708
661211641
553777301
471733995
339943229
462366294
63376194
851898534
505467491
352571118
710295770
466930099
574788930
675061689
192832940
5725913
737219301
949958122
363974698
608986691
714514694
984222188
272142065
495160548
458684978
627706802
218749099
154875677
39910069
836086728
50874301
197225373
638971683
697228074
949595904
889313715
384581338
772665712
15027633
152981151
913057091
556824582
791694771
682626280
771159882
50409581
444725703
828048442
989329277
968626833
708941397
986588416
614375976
568542242
655509295
578743036
18639514
892852733
762664687
722915254
103130218
920646794
331162604
84668575
283261197
681511556
850542985
169758010
576049343
623215653
482012279
452542384
510137742
498969815
991626262
308949069
472544058
677350121
782540469
345713555
855704061
908213029
738838760
327115432
735782326
271402778
498043992
377436501
644392899
756471225
791995589
113643726
448595365
350195556
684178458
823688782
825619104
458338233
432388499
219019578
950932437
513397289
369945939
784519786
341031088
794545144
718243100
860863055
154602863
832614841
662208265
954007330
617304474
837223832
537575220
373071672
958156525
843869367
428871864
649320152
728468772
368680691
467167900
797319379
825033404
560940367
295574601
456140200
999810121
815431054
602471542
578861160
884517742
877967847
397993564
683044385
324439673
983163034
326053647
316657314
341575096
634052129
277926286
665332802
379064060
82196906
556584046
719165600
525277334
949931877
628570483
469402501
445283138
572072811
461058862
60030308
291220800
950944011
445687612
2348381
48164196
780014097
687456717
771217081
848809792
718769350
7731235
618768484
516679298
867158829
150497926
924672995
307324491
812763879
619737525
995205846
667007880
766961574
529188829
650911091
450707896
665110605
468631151
711612379
323683556
213717523
345492187
238868452
223664365
242054438
150242786
415637177
889842347
605705313
380840015
793368529
996862605
237328893
68999621
785936134
41621171
412544470
807094738
72541481
384599589
249539304
529611195
748587742
260328733
933234553
429001486
875615127
566374192
716014217
868537889
420273777
518850978
937551966
661751300
26942945
989573292
464848329
452431677
33062411
784169359
918845800
997825169
789500749
871342915
218440230
434097492
442155100
836904612
645308639
324952151
900633643
243123092
646904371
738201525
749511059
91319288
349833564
872678450
647118130
743302743
442834210
970769253
729817066
329752747
671343617
878844919
28528489
339709578
54890099
307641762
215359497
148962030
349844375
989632438
772685258
477753627
24218153
331664421
585176449
842286821
663180736
462188175
320194966
829918345
103219465
582791144
612677103
452711964
905773263
953898340
587701982
567420920
101676064
877260201
929211318
395658070
592092109
450153734
475379791
442346306
938554830
28524524
474178247
865167045
681899683
185709529
719988752
480805073
532299860
475912625
244893873
241235159
715753229
916238411
106081009
71832490
960550781
543635476
365549668
957198878
228010769
489797655
172314967
851854287
160194655
142257837
759780082
53959203
739889006
109074814
770422407
335405451
677477885
786997969
996463816
111421216
134159329
572660541
475971044
112978210
13613273
378108521
304259480
281160030
830627607
679095960
621331163
835087865
639073939
646814092
299857050
193365782
130697316
466272746
962908928
136451874
903636217
749676304
639707559
78294423
525490235
3126602
896001065
612973294
612044500
725953735
260504585
463301694
266847233
664997221
781403090
666400677
597075054
672878969
3268908
193281496
271213221
816383735
965297804
449838565
804991099
976170718
387423118
220761651
625403910
657417968
690420467
957515945
399349362
170290275
32736466
736234529
662967808
744489001
214330644
202417118
755499300
454388669
297156776
77962623
97932409
507229459
954831717
846856997
44256038
155945549
997549406
216799626
695014036
168873763
410170559
528366228
123791708
251874689
751916719
434740213
489043916
641837092
62168346
450810160
596690302
534895697
120642967
539850853
790582440
862165296
928987743
931726236
674125422
655827912
247941677
6153636
398919054
620597333
52814821
313465152
396954223
139912262
442160540
442058326
707638921
524349923
467725218
486828584
872183569
10907828
409178464
315698442
996548633
12630761
810685511
136065086
164345761
516727690
42771996
515347409
677436645
334509073
261634692
930745308
286892423
276766439
233450903
609271715
4647707
501732413
597096280
637500066
359243008
544259247
580757598
702725147
755158148
763191492
441301848
547194764
391353997
245523434
37963256
571741341
128033851
965451427
408751310
484345285
479713461
539718380
791422438
352448788
59071820
574964130
736153873
873419401
328303978
441854966
561744554
154787782
659999753
562380990
807696868
884177403
714297515
571355016
189165500
898502753
415790826
799937768
14966067
86224735
13803444
103731592
998445487
809315710
149539406
873457493
556087868
507810617
278140722
87748386
63846289
937565241
245147480
779087379
880437099
36006179
224255861
267106543
2998729
223055316
608292107
248704004
90269563
770113329
645780562
313653732
25717687
599832898
780765877
110735837
872439639
588373071
63443895
79622412
536174953
440418618
908908535
437734518
366912419
451936744
384556547
266218534
913965444
252222096
977776628
719017901
696087986
584131293
537058215
329416782
44451890
875829079
565363308
553905489
770117600
678876715
477169943
264299109
735056121
640825455
662449178
193252008
484189737
439254875
197231556
679348193
349740794
513144030
547479083
436409908
655697000
963365841
431774614
162636672
154076240
921898764
263918061
492290160
68552450
847314199
142335578
609007371
920872102
492252139
250304127
463344275
492477785
346594910
499826953
774046624
126294009
230719314
821671959
379278353
734279634
65572806
191401925
434962011
358414801
337965983
766782732
302927147
580163971
246829611
17153087
206443536
599684533
356549286
868605269
617702645
946149978
958119573
486775812
854998407
592997179
746250967
82415007
818021006
447221170
860174435
51841319
812438681
928488779
253606638
238604701
895099540
935999728
483318766
845369832
941252512
775576950
286021274
629394607
563701230
559770337
567663302
193031476
597081796
390973725
964055850
221088047
956082766
656589650
88541022
78965940
823451908
313953753
299273422
853734420
466460408
859003066
40363256
350930925
814428363
624011409
579178034
350228219
830833242
394129627
35953346
588192760
56285674
35994943
444435871
696861137
455137507
643257198
253211437
449894837
694308119
734051925
962532945
391638042
900910634
237445506
869967894
863784908
196971027
953907031
60610452
875508370
207391907
668833656
332100115
23366386
531207344
156218010
109638699
99315729
399074534
150940160
704322006
159368023
869860360
905100338
85698863
629074337
445153033
71247281
826184507
164380980
841776088
318474612
847182990
332389371
870939580
133039578
690261869
647283505
188072469
189075823
839519634
545027586
493254045
979853969
858419882
212054671
624367746
765200015
179330565
687992927
976367510
356857988
185848826
545781439
686876060
215022257
835967682
327423986
786712499
282290967
788224015
845073086
890311492
992742798
760433630
163119518
275898086
715204419
543062168
325166062
35641391
403659087
714523419
734942092
936063427
536738466
150174555
802694398
625998882
916631745
339701860
395653916
250144912
16536666
147612507
314594506
583446717
749175226
165796142
321145333
453471020
736213027
877806442
844167039
108615082
634785673
374221015
947962040
353374269
70306772
747494317
555282165
452772674
68462117
203910668
187273075
212559416
970762148
570342628
625596410
76186634
658430853
881548244
296547227
590819571
739054127
740404691
152166839
686815691
906854811
826740908
435872011
190768561
369710244
458408959
984158936
652473420
28650836
193266043
210299123
701644348
685154955
145333577
857013673
823703955
859186796
154028469
294375161
323204159
977408352
389339501
711669973
988504371
433685318
156180287
290442944
821099929
544923780
64546495
688722279
91113542
735980971
369264708
26344795
1946079
281708972
760301737
722122272
964606946
161762977
103207577
909428939
552941242
174513164
883130583
395064255
374295761
692731320
977821958
175210548
223878646
65227242
369957110
851452837
983290748
87568662
490108144
842172918
563284865
289669694
678376717
637873881
145416228
959843189
319419661
151853972
668376889
957839319
485675561
413484977
417817391
556068118
480119519
909512482
210616757
929355494
907099433
164025832
947147348
241964554
632383139
663754303
526238031
311667563
681403515
229737120
310786791
232335897
946419723
952549163
41602855
26613734
915040090
744552386
294216983
596054468
818690127
458226007
856120533
389937174
513016637
262103392
494555884
867547819
567221689
523102436
514554224
343284068
337982856
877626971
613109660
288485906
416165583
217471881
568427765
328139258
502074863
867414767
204837966
277853122
912418319
544985935
540699839
336642330
652878849
15797311
86179937
3090258
398446814
419342892
451258907
278819355
517047606
213729471
169262917
324908917
550371449
569254455
974230375
931347890
896713087
73588955
805319909
177672837
65835194
468025107
917300290
740982510
581174401
114414101
18156655
585680443
95204096
843509469
692705432
556398104
323816724
251157578
311462932
267976985
690007552
450478612
510925757
299529799
572514458
920774227
113582245
78444100
655946397
869240658
8778240
87151949
905808914
676254209
277842515
529468351
79112764
883239689
33897065
590002774
866816888
493075331
508152946
180802646
876760919
622902510
936207512
611665334
987493961
551412528
175930541
771812575
780071339
816898005
829775935
722337506
617977533
508253853
801324702
560539785
331953267
400273475
261472938
658075011
153236607
819938238
153957538
120714023
502325199
301440095
646385242
113794714
187032973
14363496
994279977
688158374
460121126
864853096
294702164
230817301
626345604
938109188
77018281
840933463
505058472
212195581
425614275
435743520
493207404
881752517
891276011
716825428
291951789
982855140
562282183
396962648
29592356
731747383
301403102
521122311
169061517
802067373
414728265
471326536
958521333
975220540
93665458
573385681
420751567
630906931
313422684
311291269
684843093
499021385
97626132
226512988
332142192
889186263
846746878
197523821
819040505
121383249
834674797
772556513
601196773
898702275
110093113
173372117
184057007
842504857
230767313
343573019
470195709
948698150
650748178
79034773
107685232
866479297
767083821
580378545
335085521
389989930
150052710
596946081
276473369
277303810
501582121
526196053
499466428
880626787
995328785
512324305
437551977
812272836
122892584
191628851
442271828
619505540
299786429
53925629
764263432
884154359
945668941
337204070
827727978
262015600
488085263
45206083
413683746
634430309
864433278
309761468
577372363
44409377
547028242
988823570
568548125
901242371
469270470
316400069
526449075
358785383
880103070
790839472
82046259
92902062
729716416
844760979
361513526
791935664
769608774
431907152
521100679
298017022
745407678
468281399
484474256
257357808
62934663
641354028
377191897
122062236
307020938
252298395
127868507
104870187
502642590
156800517
949085606
183684803
887517610
812945093
926770506
694472021
688116608
946871481
750931375
241981798
696631315
297286689
522438578
893437572
385053285
106817190
553765628
609686533
562732584
581220571
369193249
174928093
749422851
293789729
147223549
574512666
178514704
13770100
514070881
344505044
554189793
405120226
178256106
451158436
710648466
755490489
971688538
535794456
48861581
969680861
288391256
827555368
50337564
185685821
613229554
468215024
597904701
662260947
169948501
397350692
733185347
43111708
108642706
109926243
851436604
339808404
726533854
993795359
89269781
55197107
398860193
267355384
77616380
380684999
471832170
697114522
519968085
722291672
23965478
46029814
686753018
422219244
517153211
80948033
864572398
644713327
899218672
554813339
687400803
207791173
145030620
559176292
902766827
871975349
962030662
923150867
455699625
244095415
475085753
974637339
751446672
467337238
960639811
8474161
284012417
191025325
632260687
538795300
484145162
923223952
326733331
917307964
491275498
352613420
439645112
155228255
491142578
526333959
970177011
610661401
645719611
542363800
70678577
695822170
300228472
207857433
90283321
44726201
7987559
783658367
868081942
461859323
793943813
57092336
111211396
207781249
2885459
210108802
791437949
393443168
55166489
614477954
14134080
589572583
967748568
871660431
925250953
500752528
82280102
278763430
598119964
893208854
690406087
996216304
87851937
976090095
398741496
623153015
901197130
143176085
206569811
499032743
256924717
641499305
176785523
142733090
648777036
3933893
405822190
769315650
679537782
274280897
788579667
686192442
794570127
3893847
812907057
203153014
602717131
470993601
557307228
20214947
779922488
360700263
511172620
332513769
316304218
137790665
147734526
454324366
798402735
199899346
506106754
723812578
382679579
928587628
496331639
239794251
410741557
661558039
665709098
813915176
245531029
414831756
308191328
719017961
439621555
939602753
74543712
934210240
139904311
19306861
126792681
949055104
782366422
26986065
323975487
617067493
970584811
20873602
278429559
844625722
329501121
313900673
177580410
462949754
919211023
489260147
689887589
62358450
809176947
201770642
1982825
114272203
332187851
677212823
922226623
334173009
330242824
840481861
566918927
545080578
22464527
547061823
488315102
994621513
719690872
961420507
946249998
907494592
283833261
486748834
698011657
380887677
802468565
48245957
667333392
723094487
282853373
661039360
826036569
786590466
698868796
121459315
806224037
243898779
363476895
463116777
417322609
734433294
469519178
693157351
820120969
47241723
859112541
881861345
882851577
728168258
950928826
751926164
981833635
14232418
78720346
677749082
509247254
446943780
830874295
313794094
147606107
255934838
261124133
696989065
585164881
92029198
219660095
914686965
108248527
402676477
164349056
921155213
662788717
606754532
659973995
778544522
889592118
511698553
946373090
943166390
720541454
921545361
450732485
892761303
993373441
660773126
507047857
39672651
444493454
132721388
755173449
770327256
498498560
537334324
19241136
831670504
142010129
762727923
911105199
42479093
184757432
913778586
887733662
551518311
382648363
260839014
827162455
452490840
323074485
876335166
623426616
768116200
628516694
489337239
390129218
227860692
957876559
380754759
452218750
657414191
938770754
415880920
184727053
439172708
140808432
155789081
798007768
935759508
715137540
550332334
62026924
842718683
504600665
900069725
802301129
870989499
57418352
611106425
564873806
156891595
173484097
149778616
61228288
411999820
888281749
721566871
439663038
582788774
364115836
26902341
854311613
679187045
20294808
79743283
629588703
848482124
337274079
92812445
150923975
729203893
510980981
574753461
475577910
470286161
101459574
340272566
148330044
262705180
394161834
639248346
261626375
662813909
541250749
983184575
606580105
74423985
218661615
903194006
632258365
401176602
603346971
216839085
288638299
757767994
578194469
922296671
91629311
158550203
665665534
804158290
220366682
594134745
569328907
783434730
719519157
794761219
221738333
482904687
133620675
421876400
64672538
304531561
673920346
933403940
344024730
19436237
820443154
114665519
163119726
877732074
10810703
666260875
101145760
818101671
981625250
972132076
202186455
681731
600522283
576405902
110628539
873807935
647107058
331722951
959413815
424644831
317588050
850187647
605201357
197770308
735795597
471108718
659085705
640048028
961050584
795655263
466490092
942638428
99982521
275821135
262990885
969651221
347490650
785654289
947755145
661596698
499689218
34529923
567027881
824719356
809625447
945759225
173153401
901159577
39738445
139900414
985969433
960412585
658438391
510910271
609012875
71222547
788412133
242148684
73262467
630113036
746416998
300851343
882526093
879068298
430341521
83928140
76260435
481069927
425555273
727239976
279343349
121522997
138302146
773888579
169547307
463126189
255943300
568196646
655864026
702366432
252564311
79091522
932652150
248600145
56448125
946879054
72214372
938009079
639199621
203517494
968256906
7376217
358518206
144614101
715383218
583735962
792925776
17267036
790609213
973923792
468796476
522115509
97534667
242114034
936966103
282400896
139961949
520727350
635682139
934819932
500847164
647308951
919549091
290522964
414576864
189487403
37125552
17259299
496259913
881702962
881456958
348923402
734082946
537507399
71648739
139888403
909243609
17717800
32688208
420598226
238686254
505016072
179010468
959944320
874648551
121606909
774823541
936327535
536498530
920996501
531703951
420664492
20407015
1195927
213443643
203431578
736345195
323882305
470540535
409416717
705139415
401665595
809750726
529028124
423464833
766857534
756519963
239255170
93716564
130907916
14293983
747677381
413132992
495660740
213788487
191641418
862811509
126372391
192368912
339299619
963877091
668797202
490330316
441598283
163709883
345538462
378596448
366604543
8353276
558282893
947941130
992672746
18336649
564523287
604403037
129606126
361125182
799064619
459514445
56647673
234631680
744638590
398310403
141245941
274786948
780517889
833356890
613341536
266979542
32475857
876776350
283770913
381509130
753903791
555707668
617858335
226706926
562187902
855367653
1496366
584127613
588882259
935426233
302633161
574316652
682064430
560965874
932535007
419505004
356487407
443865356
111609446
703064785
998310724
732799838
213014321
276311026
606878861
331201230
70912451
20577527
157038544
435041191
767840721
648169311
922175940
559460147
286895826
244673339
935904323
667800295
42403849
845747493
160472791
901621309
418567799
814603580
398919298
156978478
4014200
978617611
177741798
319668736
520103962
297900245
679215177
186148605
897789481
467641772
665146838
181735298
3592897
84019005
134268066
175155574
157763688
448997467
293626372
41622877
673396859
41873931
944975380
593699399
811041933
236236038
645433464
244990862
401051342
371243951
879327185
466384963
975576471
960112941
683580324
17476138
549872924
922319081
369288955
912519964
222273150
384504646
677449271
120062498
5195985
605445360
635488650
995120502
282096998
129870136
926471910
258125619
476915192
97916522
391255385
465857966
129404048
216113767
211516906
167703575
291175713
355868666
796932989
496849593
568494482
366366801
944431814
709358976
555784144
915013936
891409997
111670031
19264145
371993784
995303406
159607537
342527143
453298868
756483061
844650217
116371540
688823085
571563495
50293711
11534325
839913154
182679720
301526636
943968364
463763934
877578031
601442541
724084675
930774875
417443802
673485574
321890513
573096958
429855378
890194222
673465937
310711256
910840559
82093963
148403276
496485598
390576572
30358711
964087964
446228914
387103290
545114960
922994376
204037391
209313755
776049548
106974729
102893802
173485623
781877515
502577037
456601200
612714014
474438779
250845790
223589757
967690418
457887927
983262129
122381433
837368496
548419560
559906141
895569215
143993351
388647576
823414100
451099485
372449919
481794755
550868117
268138498
283314988
147384889
681771911
343960779
547628160
675688439
897012802
73890655
367910066
204881307
507010965
415764091
32046884
487556536
956611928
777719703
386718013
826053601
486766267
428691189
120079254
1130216
548387885
919846384
851207399
893057693
130874589
47582206
447911815
922912526
670945101
715231290
391684343
508961306
451744782
742032669
60656465
870876908
865689612
273839811
508737587
540926438
459947754
455816895
523644608
633439385
410025778
663462592
612833464
678783198
888986972
540552889
382182526
137785402
581606562
282659492
718708668
667308234
47233253
471610585
265586259
847393467
87528196
721656301
463880234
859942419
456491353
956185438
841575484
695442264
796257465
771757195
490578484
732538
761561826
265255303
849959004
321344996
884712239
44212819
962099009
828658614
200850034
919331342
996761351
156118568
932498299
481195625
37274526
377917532
82365968
528122765
309733153
452586066
477997940
507077000
499348083
191260913
780279242
121904750
741209760
83529151
316163066
5448930
557237781
153338586
732536857
387892461
201396186
931068540
30853262
11202389
373104163
256250586
564085332
740996605
405444651
452828761
941935561
531446572
254775730
39426366
716175402
398393370
884787194
377070122
791536275
123341456
389150303
960168961
216147167
368001130
313707778
492675522
331040233
637433032
943420969
414354781
238821337
167043136
570115374
176155897
499339184
73245635
73051805
735089109
847465861
791165956
514077119
342070447
793278713
846748763
2146051
910673978
572043668
304728013
137300515
954859109
967692219
919331196
455204666
768256174
266915960
396573685
940186384
814471420
818871141
302997813
999480984
933786388
67743387
888827287
185614585
331985668
333680456
962888522
93937291
988804338
993340144
329648929
130793400
198650547
482028465
645130277
272706053
853009963
646245424
800854655
426199764
214391733
306819455
43232345
265244209
608328999
643902872
572113480
958401175
660008083
678728499
227353404
948711248
543548650
550839996
894886090
23345731
660280372
986833088
993834692
839512529
711315696
111250799
869645963
679389415
164441474
959356217
114250565
384867882
326632328
269915248
321759636
825476891
172281531
590088997
692427618
929962967
889855040
800814134
996444220
146921723
531414347
980806413
754946572
377300569
603459242
341133032
797278925
523467996
758446792
616687116
844244361
629161386
324567282
889240356
271799151
387885351
179727861
458757352
962844094
892642208
342003160
596999118
107172477
394755071
25557636
24513539
232647792
987192689
324795421
14554398
811235008
92089727
936594978
919584107
446246339
694980985
432179404
886897527
544153095
927279293
466260210
755596944
730614638
34966103
563442472
729793119
421787925
567158229
108307539
279302197
495201895
870523580
669759237
34561020
164184620
574352664
585711651
461552475
316825430
490930882
477518631
333486528
497367361
672460254
8851209
152831007
25177246
426813736
516157275
989565908
417718325
946294383
183772244
677448452
430615801
700915860
600492673
853736631
661148679
970017893
60955872
106556801
348459633
697772424
868197373
341188432
287834107
889479706
277412845
510615617
231148311
901600832
153289788
213672013
14253857
408889131
219384855
209188083
568104049
29355610
699804037
503533633
550718045
616980290
192430843
645898563
81440934
420465812
578862679
395125344
577473021
238551885
575457031
786807879
247899186
231059105
201386631
895749665
85874534
365773182
288418773
717779332
891544702
6883593
356094128
362829055
408671234
894340929
284712982
391557633
616827677
365660183
322797775
190103848
5785917
547845860
39446590
946324470
514279953
471450825
269023256
952247653
549696146
973418252
69934397
781538561
350745990
605381344
835164068
185745592
396088680
694035271
737578214
963024313
818479772
801592866
572783588
114693324
666137390
379651231
659959144
712996386
160387142
672251319
756339826
36816505
724259735
384432359
568226678
186237333
544547469
507154027
614225352
891379246
721330706
345920258
969002407
595586892
817172164
81631759
915734757
907225638
527363220
973681714
882029132
800668998
781347282
927333814
550721159
346870862
480599797
890071391
503434812
61312630
254386348
853797239
401670201
113130376
746727717
422657166
57205912
399637020
58048539
911737757
318357130
520688803
127277267
833085494
732366131
855431842
248336017
768401909
896385020
958841777
413021156
790040815
539525585
819268375
355042767
881412943
624197775
979015769
981629372
574479854
518840079
590906310
331172510
134178481
906607980
990920067
744080828
388320598
672315660
24021111
971433665
128327217
291909551
1289491
74458806
296971767
894834563
756482756
805762585
880949812
217637066
440608656
421897820
521795321
248326516
253411043
712295619
118254101
737033615
664393610
807551340
116439419
87337635
940123286
697668472
544504538
571305853
287059188
608991997
283434403
325441921
666032473
34204446
194860623
481120693
788551562
149934056
445984555
665932724
588719491
710752681
691679154
281634872
506073334
878905622
939710582
711045022
674956825
672564446
167881872
110282820
351058748
793718607
618790136
454744803
142405178
440735532
685481495
884651535
155060036
526665208
148328755
502840860
41915060
488852867
912328575
389909729
731440802
778149786
772248813
235310772
180277657
504346095
281101163
483024120
528052443
427655095
851734923
97228173
136506279
659283834
704491481
434715116
477233101
692252890
767048222
753026662
961273548
438063305
212613780
870878065
485559727
153139096
394947423
320669000
347329935
433060420
122095137
977479892
932657706
210455588
361818652
357245637
119806757
577937499
911551240
145631968
945442129
750705196
623852773
401894407
662826043
514894529
539104560
84971372
373984434
771829377
958891706
334439186
66698927
827709393
553806094
976326532
769037451
651987417
766867590
77319667
35423928
885567491
759088729
945310053
739700419
440389981
411390991
304972163
958806049
386316233
859240464
133287221
243184441
306103638
517977722
270807043
700687354
191762742
821863255
939000950
562626255
321803587
959935552
439212720
388664051
915781261
108713891
577353520
546832499
962618132
116923176
29339364
321413194
260283970
321850461
348918888
208820771
497459888
5308032
869970746
597194724
37967428
701855022
738776442
359425446
436111445
133790715
937292670
285056553
632805702
257160491
357563744
825408421
9587386
200082672
898631048
328949407
30913845
370861056
430898692
703913017
129322829
4803035
62890304
164462716
72506554
989917882
9800335
721099715
462478658
277166317
342530514
804234947
699796468
110503093
958234768
58099769
298300791
304960103
749314653
510905254
171063588
34982519
361162195
801202149
474300632
656741565
249095719
788559485
926628899
367381835
934453966
668591759
391560935
120275773
67475180
82630172
765969400
543163388
849450824
55253919
262787932
693162461
696843108
872016759
550350576
910299803
467947381
523593359
174185940
478176035
470197710
394522714
289186346
139142334
944285926
582065281
991432873
727552177
120668469
235033705
786412159
966121904
376966569
941999092
648110888
657155007
157609097
799411322
52507824
547311718
442176394
370931652
837638776
212646206
721321318
19253612
766124371
220872916
237220160
674897678
94157335
880823336
904511106
527589901
724514175
683647264
187980660
197766216
927523615
84537667
569829311
864144387
298158678
988242593
259603086
959351738
2095553
791711132
457299249
6538120
229313861
519295079
867679447
395414846
630156379
736924580
859118829
470118719
514065361
859700143
235396611
811492783
459868944
603755725
523374590
376292675
672280261
913106418
361200167
305368557
578743576
257546271
498459448
451684360
939849556
888839389
515083342
885714429
350943593
41341591
763816847
468464472
141117896
162621280
52009631
144651900
854115325
77299324
456098664
36480395
494322105
518272625
590570972
499904374
339582400
44055537
898048140
997046987
34049631
647079853
664763369
961754511
219694092
580693699
625115024
12399832
958887032
853799983
830379594
130871705
238740774
651500996
642548173
44798228
794772354
710294864
584274688
200035177
540865609
388973529
653463395
25011157
975240364
127692599
429253551
396527118
449868964
319761053
443617873
840918600
317618830
731224423
4953813
457639063
967224403
328756120
117318358
206036440
372011568
250601626
383056713
825036324
770460238
590419945
563573477
293161127
941445528
925312865
770970218
118731132
952843218
994185636
22306701
672150480
377764407
305547107
698334224
528782112
185474534
207979214
520344335
239771955
864355292
5490576
341236217
562346761
397400633
208254493
90590815
576048415
14923349
930169139
220855934
504936464
749324491
643938844
285921060
915037126
282288463
989187236
587273291
990683408
757877167
223797417
354070839
104584545
356490281
377934430
677497364
491271698
873486110
439212529
653123130
324535285
884153592
561773601
636411050
501695724
642812424
720833779
527363134
473707135
943428602
298087963
705352424
530746282
879427386
521558292
243683184
4782636
66916261
998096333
413312018
995093763
970724761
640176991
876971682
286724258
210802360
160924196
185086839
244489900
839184220
664905667
888264288
16959898
518408205
598148833
721247850
390603034
961768208
345271610
259439614
810273544
821290043
45442141
713230894
493913588
953459316
223842106
172860222
312484850
183962142
451169180
476081756
325237712
273705063
733776346
596828810
860892036
977653004
972580725
401704308
704399524
789861320
949994731
504926714
638485677
280533351
606565102
834557195
163695876
739927754
678880257
345341040
754354110
928445313
430060603
410178978
29573982
154402476
955449863
285711911
450186440
527235617
590251459
59557935
678958489
232648971
813531034
991294866
59721693
806578298
930552434
348473954
646234795
721871074
99020225
86823984
390665751
871930257
222839706
131136926
394424711
329141834
492670769
574413891
257933881
729053701
790615823
862864071
762426503
374660689
434830158
437217851
246359548
250262543
126422184
601334947
423024952
284686119
619757670
770830995
852690453
593073683
981525174
715982492
976366588
872518253
378499504
360154184
573906085
228843842
68491520
635979297
789717358
867707444
655080877
648539885
780671436
152270374
659964044
378007218
782844004
719092280
311188925
475004737
638955619
370835537
754763954
454428479
878264561
543593041
487448388
298087262
597000478
12845461
266391932
272126766
984548557
791096534
850101709
687307544
461288775
489319016
16999486
756771888
811427047
181829459
505060763
877294480
881910605
939525156
876142000
623742572
973284696
539697020
562816485
494318701
344222794
471158982
382651880
519542531
246696108
164413527
901559956
732993043
923398868
823669222
18346931
399460828
349399643
515898709
129878057
159877008
650853132
250802950
122739510
30864315
990733899
31744602
691366414
471536130
363738028
307495237
274566237
314562182
792727625
344200312
94700054
948612901
557348899
364798671
379605859
919036886
163552395
907631487
764042139
456755566
634887812
384703397
199870199
419674243
150296258
829765275
209067898
91474789
97361720
718507176
552517446
894167347
672936435
801408476
890249215
250501164
576855238
741398223
545291390
98000680
90531818
660887857
999018450
769570798
333753907
413871701
629430745
406612406
446470297
679008740
865700296
715665852
581166693
581779867
380959631
679331535
857232594
823529217
261023942
837864948
286479526
935993044
985957001
980922854
335868528
250390878
142805675
50266014
213917435
243541548
172216808
458698954
537768395
96185036
759811525
417894069
443735046
203449577
138007381
61226697
979639774
141654531
553964994
376253534
859308869
675367394
969555109
921282395
154215437
449440269
498970836
756696151
6762807
729630985
979276985
82921409
884969403
914068091
264025574
674580734
220854846
592966892
155400843
931411311
682751573
287283577
515483346
807508397
755671375
846379047
33232985
90788236
157178583
88700218
366735108
436536434
657751773
930464269
175288731
153556950
466163855
722656788
813476603
34225858
154797110
454443651
78807070
597614796
170436572
33477039
559359684
619120590
137043152
311131745
30700212
472485723
914067414
932468830
938421948
682112461
300854688
53151553
671452342
372880800
878173201
686913904
421319869
283851687
984998850
191676618
282125255
663624491
644539971
315918712
910808563
379148341
725817675
957892731
970608734
475534105
20403571
232085208
427340480
227745062
998902193
261844452
160917760
599518934
77783464
775957702
994348319
45128940
247069699
751124547
62631768
790199514
523898456
940437635
545856238
675020074
309650617
990995084
940612839
713969812
773957767
238743446
808336588
293608391
152513437
752204609
521961991
721606239
123511159
722823684
498832044
43354673
884970389
811966450
521954293
724671877
338943974
49214007
534965938
69352572
580958270
189765611
940648722
283281718
456089076
385578939
66635717
701878745
893187388
258439345
618507426
834733897
695566603
155575520
63515712
170049386
106009477
738431820
641145686
718449962
842927618
868865973
977813998
742406654
705976163
280188291
13531550
526630851
972589989
484789539
462265507
212850299
834227205
474108474
693194750
370536169
820777312
128273702
773928934
435970757
647608538
387013629
374448404
423538436
239109701
437892938
895693435
644119555
319218696
531414155
321904606
826064308
35198770
250213391
309744750
102122240
567213533
473550121
22932072
173817486
977512946
864879237
420297785
853373801
675962499
516317304
48522989
66555321
593503444
728413855
55345399
982650742
231390046
241439455
153385539
239988479
148157168
972829639
996339505
374251923
9926582
551334915
497078696
515467208
988357649
235502380
840508149
893684555
116359776
233902565
905123619
794975781
844225890
557329626
771326172
40113163
417504190
958864331
636520224
761433240
700330471
162462645
996214599
722259037
42342050
371183948
201078560
900327502
634179440
562785346
768591325
566901071
309050177
468405706
756169743
173303477
947065367
745944344
997867937
732627103
952742834
42644192
140227615
725132937
327201455
93589362
450540383
137746081
548763067
275109554
157425305
480090238
507956284
928190764
893645915
666626358
76597365
589206282
144053828
120073519
161039219
462691884
500763142
579497311
135652902
191954328
882942812
860974410
424696254
197955044
47097006
896354656
591640948
274933369
145485619
463151498
326460541
951631893
54846228
785807215
920416638
938725037
43010864
261555164
899425081
458311336
788390140
449614974
671580002
713851364
9667452
109092450
745036596
522394876
463405221
103507600
153058956
688430162
141600012
737404609
436898066
311737496
12889835
659040236
262776218
40392394
759282423
920024833
582145898
572887943
338396743
238788418
76856451
707904739
910423831
42339483
649514189
785284717
675889680
363155856
215669674
611654635
700774024
955065794
840502541
942281192
759778268
400009212
443068638
617153550
839559265
486260035
516543363
919041644
995945520
55511084
412419359
314606196
43988209
175339865
532345500
317630198
534684630
934128229
77123884
420188291
683674069
405651482
772556067
353399175
162928463
202629814
138339127
831669923
237382577
819092030
553266651
381038859
400695812
178194953
87459336
268673351
770954092
546013808
618340912
86770219
258656164
605718822
175588461
885853451
964558701
117951302
856912990
200309569
439164781
959667670
46099341
163367073
671893786
922007046
220621547
199504923
388241800
590449739
821907631
815529346
758249675
875030912
861220568
165856511
752782452
210572129
98123494
538208958
391592671
978902763
141525815
171258961
553067300
347067852
991276109
570727145
777999327
74940896
935730574
658423084
969677945
201122752
738069179
264498824
315922587
175145484
663676988
891116714
703461462
96191214
995012079
111274424
876265060
884866833
664126007
749432925
456069200
214210160
203485687
783527449
950686360
211835023
250540013
817653399
567983562
94888654
992511402
566741664
738775375
709432563
474501127
693429395
58925153
603916000
350324592
529714206
951777133
165027049
79751706
876660826
209612832
728622266
884317519
425968564
833875565
179849040
69890368
588755120
725682391
529286913
628482147
989739940
791206038
545152107
70348988
803140231
303087582
320352980
423586436
804316478
204423532
95862689
908073546
134803548
717666054
181646046
329473269
597885681
328352658
235511408
788603909
156798279
925456411
309629750
209504172
944726613
95852487
93579901
60457084
398398290
750331430
438100917
645726822
377467025
463719832
729543277
810654210
338086154
329527040
589589767
680723803
264894379
771811811
262521382
416549175
632501102
699898762
388542316
384866095
547684377
227130940
614678833
489622894
801181780
530931950
725989424
396448083
154030005
738435811
370279595
460907501
135423774
224864419
261673921
972260398
648951018
146062388
503743659
819352296
764588563
833658688
810568663
730915166
19117348
484583469
362988169
578280159
714472150
52360520
211262865
723327045
505254950
315340435
212011586
782988531
323519211
884678040
634535221
854719548
632909924
356587976
232959315
750699282
88692270
933784560
420621867
702819152
296266367
894362604
316100144
680924995
505255794
505890925
710136577
792398508
654875742
775965483
636207216
949747628
840026431
584989615
101016529
469249863
796366599
675581334
331544701
638091415
737548961
915667
487566647
708256694
57695984
393947227
739537753
219301459
653591799
962399544
65815530
773960188
803338348
27863179
768628551
395432977
279575213
806811933
40887677
594922374
193787390
441703404
367154725
792304982
750818670
19906109
501958293
912816552
812448067
405079016
337447205
799526930
70112589
278919277
861750553
646513897
919447778
972878949
650527705
713134269
821692686
863569644
820192713
457259482
188821826
947146709
199547420
583298599
671170825
51148460
966759565
787959935
71666142
220845062
443572197
418874739
557271711
516967419
956801670
580840539
607509788
651751220
767276045
57943794
901984270
155631289
954000058
337199130
137801703
977562549
55153753
354097702
2854133
369612929
365188013
185710728
10876202
4208152
516752066
712026924
983270629
917774406
260892433
558463791
383103677
958147242
462537850
153889655
61712084
52410820
426515310
326098056
488617504
150148493
266869057
196836227
662407974
871347882
633839144
697315235
606195115
391822265
74113438
822561581
622118297
485355244
155927125
187820232
446320976
484018842
868481350
499842282
607823026
822774870
379249206
190385436
350550714
220902939
785374516
510053654
761260406
251072797
400060035
955163217
390324661
498558869
267225069
362946666
892642908
853173982
928792582
504236598
577302083
119678935
607745832
410333455
358303851
105995499
675438920
359701595
570820897
220222883
788160310
695678749
374144305
81368118
30554173
168472170
355170336
83830207
430377360
527664727
420841700
593360043
257737862
929189759
988365511
172800243
447840509
480317262
693767547
928279579
918396527
125292891
677984087
831520331
436902584
572143565
57548193
817248612
284487485
709924412
646379362
391298434
743581069
848343834
8448729
633690166
408071580
297038233
416354594
387230376
896204560
662274187
983495758
712551421
946135285
256121998
310397507
873315715
480940014
545243460
470267383
378453067
745330618
341519084
334548424
22056787
139043488
941319953
477296230
406824842
899438987
752205949
254105245
108430637
880221636
953969783
933783558
868284061
516171506
365193469
594232533
154261545
320077836
864330805
609887291
593005813
887084439
337322810
148552776
452503323
717490896
256683835
99868061
298834860
356009665
989469422
371488277
153786648
236375973
493175126
962199129
810716557
675945456
99275482
849361229
668399882
528125301
67790690
693669919
638380497
445857124
493909174
911061994
585289398
581278591
169527648
544089625
393471889
400141310
124260917
282429795
971656032
145800304
682935808
592972248
183662846
601669586
965626940
425590274
562925088
594703003
571074477
965074192
403021491
445953578
519594068
554796256
618493039
348954759
980732703
925091505
835353593
377485031
363086733
164052311
266092492
904498668
270614479
959030103
561129087
170847917
22851056
424852513
674497555
488798753
690813180
730415107
636976386
719410203
855854024
965539802
123576657
883357971
893558347
43970853
117508471
151199029
16454854
795429896
587984989
560297069
281510991
447545410
949654031
616144724
787569581
339864636
605054378
227805001
714493627
239304216
433366842
478001981
645621947
771587182
516741039
95701458
900494453
388975823
251551977
672868506
73922883
526131213
56900400
351772101
409677869
117136173
451315500
486177030
58654053
613658025
226732561
566779159
82330744
977706928
303627554
645198285
108446718
232376327
456605430
852763044
390274314
756608546
63711015
684474302
995395513
697062288
930667527
132857966
518365339
912923411
673491128
570070321
182893258
593571193
843376453
525853590
201647130
518912565
800401223
482214885
235057060
259073361
455756678
952620238
216407426
707564057
75878720
49822742
525731611
498931829
925568998
360936425
712700237
28402490
134915859
517506473
110499302
671331270
125983048
447079443
157640715
932975544
109085036
356605441
846148476
414764110
94200230
37334624
99034040
664095485
509510781
852417354
949836279
152212922
947148314
472540002
17132371
541766523
579840498
613015975
408050792
328195373
830269398
389679323
643702269
899352891
312070378
317419974
813024025
66020283
242653560
337776265
274994937
430332709
634633847
490714654
591451567
139157502
279833362
623697469
491735570
673516379
108949428
902825156
559720514
973257450
102896437
542792746
206300794
391567211
527101066
944324085
381104564
499815520
17048132
679973902
304352722
616752960
676849137
627265006
566737821
777369666
275792353
194165000
338232404
288603483
674734207
3737333
670862297
320852143
773030546
385435039
777446453
168488032
571318075
518712261
724352270
885874241
524159766
985389057
592870184
367204606
421074427
344650244
202166674
865910347
669013649
689350568
377082761
361705007
804060821
860578750
632592706
345002089
968983766
491144469
135548199
390516467
17299091
262334442
189476038
406887357
361880623
253947583
611585235
642876411
517455192
640519484
777775629
126324499
82562358
61686148
939654
968717786
39401595
971880413
842869249
117910644
559607603
148937594
620591469
498680413
989765591
494102155
391471604
533427768
83819735
327030145
865494672
160663932
892135990
601473326
898114966
823040267
865538827
796433321
23843917
648989062
436826196
554006705
890154529
152963899
425650374
689834468
416402760
789361567
867461550
984150269
330660971
274406400
840120675
604266976
421689519
32651603
732890535
818558183
53768719
6859397
859574404
93812726
783692628
272303450
305458342
650851609
99560561
135039528
529019931
827323365
283288646
931292972
398341638
670803604
197333007
684687275
976649513
595171144
239779922
497419658
26515383
106588394
969190460
117750197
741036765
87776160
845626750
192090081
750549653
167604899
274949948
699850218
143739205
451396849
52883319
378248108
124572231
334054309
668574570
601653148
772186370
760833794
582418835
757555785
451024136
932378517
550606754
60085150
256963231
197188969
597119291
368935400
336726257
954758180
986574668
303511486
841263622
611919393
859304820
378088844
896842853
346537859
547156852
486025720
585208168
7173191
723726160
4693773
384418087
323877858
629109929
630086675
807389727
741966831
286707423
939081432
332818523
718835836
730112547
391358730
896875661
614277767
334430388
958414559
13047932
640304534
907358081
915646065
460898435
238727957
868540487
346535298
524320217
68865440
798295689
583942938
243309480
123791017
161768128
880519638
607043700
36753843
180830558
287410726
694421642
310817083
658056607
599392141
724007664
808358007
604310834
646511154
746727288
619995719
188184216
141504627
763605329
429879748
940705229
645796259
978235324
864253187
242490378
857251167
892226013
782436209
651725015
944887846
436226428
602369748
261383494
338744023
832266526
687219500
77936348
860922521
787738141
380782002
340547896
569094689
12002007
538053117
131452756
541251293
954242270
540598665
910086961
888553921
744610540
770073498
5369288
460409577
388309547
276812618
37477200
958464323
139086361
319418336
867707642
978000273
256212760
474576960
804634077
460459777
423104673
475547128
210269900
102643210
473686380
214621187
769832938
5113474
713113183
795145431
688753045
208749235
983469888
829521508
203767714
212215334
832503795
26659824
572328536
799080077
457507876
41851032
805815962
40604513
993850513
697846197
989426132
370392285
755986114
514207489
36453481
550388467
942580637
709836429
227786583
15034566
5454534
466655755
694248302
17399881
646855010
228204236
64506165
67291746
539443876
929869991
897247111
896550315
186950745
915260735
753072012
162263612
504725588
753498050
891609292
817410675
98103858
86831637
631038602
928891068
836508265
724021141
479693400
554097505
857823665
273669471
51371579
129623719
826966516
11001335
427171814
545565693
184810124
992717389
793264782
342042968
226713590
889935941
726163479
659256350
561076943
472269584
853135181
975409815
260358705
559256812
827174186
514847403
826407927
80185721
956251899
115442320
328344149
621184098
955316258
613936019
393742889
671123771
281427860
4230757
823453987
591940108
290843161
966575246
750461387
235776937
117428607
625036716
872262898
829351606
628135523
58954093
131746615
893603438
874611784
425370200
598038488
619280359
391187766
24150048
432907626
626898626
906271940
390937315
605405040
444751029
835567846
303186954
322984709
34355854
503119513
851248095
241390067
727907807
821848167
87696704
771977975
25520474
741852622
118768828
887710158
61829767
212092836
152013617
203037073
287550233
534879074
715109355
948261705
902330618
116467896
182498595
766058599
799049967
568948615
907917131
929358743
514664231
702758080
961111483
699149170
696686069
337209692
52153529
377631085
152770315
438991968
1465948
290328695
692640368
151157855
866050087
542065042
88322242
799165332
155790340
857098420
769199237
796122619
741860541
521085651
518558432
423477088
579066743
792413268
982830987
107054379
941219014
278074015
926513635
175812540
660692008
967475557
616171031
981943610
473351937
881297154
935489783
493182357
686826866
541323063
945246836
984115702
204139626
148208088
853324375
228602563
765082094
350036845
346741592
470402510
99110268
301016026
111367682
893824115
58277241
298257426
237615699
736666516
231511750
908509825
902789460
599906340
233895888
598424677
123911760
722288494
510128211
651529715
660870469
433942627
674570532
45447940
272461535
316210403
56455316
640192266
972674076
204436959
318057545
530296464
413381923
50101435
773513320
904571431
599472667
75786758
889277931
78730681
820636965
526216806
476188812
721350166
605326698
618386606
203723411
839784438
532740021
386433022
385640125
314750857
647695086
820128308
541664047
652814019
74804605
577320122
285343290
3657939
463163237
572743133
965075636
59599590
233711357
303960384
343792083
228319937
799796500
207417334
631290144
660834298
929115768
146416679
909635563
180353716
125084893
715140683
408203539
956008307
851364143
547378344
13795851
907170918
801172673
205370508
864155923
603049807
613800560
226768825
70231922
55716089
552685238
910462369
903381091
54696770
895414692
325382306
809912656
111904154
449448285
448827632
207534553
877945103
743212823
906592803
206497543
383922868
688046214
793582459
82563648
231768118
646012535
580223472
970900978
176703473
390517682
431866152
984269407
594230136
767319772
448851738
515449300
771928746
422881847
632337521
805998504
817911291
469067774
269235746
368054550
932218594
836529233
702623858
492730041
192892659
876672155
541814714
151576933
149438646
718638578
646901904
530118563
167392527
880224910
297691671
721605119
458484088
33364140
510178463
862863799
12613223
523211772
285922090
768101741
217924994
379646937
659176571
174484806
327890984
417028946
32887805
540631155
684643887
364438493
517298122
181273984
881438970
696474081
193437765
635466780
188724447
292247996
622643610
502811209
44647827
921592685
726398412
457323507
407158516
429612222
857977366
701686403
563117624
117317952
379928212
337274699
761367777
158438264
555063564
987053506
236434641
123923988
89938617
954849412
218750929
547365077
219482652
59548506
484812068
53239158
276317454
325634480
643347080
397465523
889998389
912060671
699204223
844756635
334516233
678177586
681662438
800970179
777427130
341354952
930201940
515385113
466661890
782967560
763351354
535104703
53167637
348612674
445101729
244279788
62689113
63558819
157757763
924143049
255154165
48670173
903044717
316144462
998382985
359291865
482870026
889182287
387748904
679269811
296413777
868545242
342305353
331159545
545587195
177201042
423913581
682562960
428510797
897010951
478086678
897510966
914743892
117409936
898816499
175355367
963747070
987293229
363487501
571218005
878791420
787293996
682381851
721566237
261244226
275782337
400737368
547940816
350438602
412994371
351039053
537250735
437171734
381359765
912499873
915857308
661321711
102642163
306294703
652433972
32212261
346184292
353724786
122303107
416315218
810049239
236522447
957324672
569086671
154506170
395138641
370851114
711805537
498758846
207411545
666912722
429739852
636853203
449535590
204233383
175046180
849519359
161383643
914634820
161661136
163263213
357353649
160185177
553793030
306740033
249134827
255409188
813621942
268955632
877435812
32439458
247103189
8739857
583430764
473144824
998822210
829881432
299225506
647926343
837989587
745531910
854525647
498497527
890627703
972802943
678524373
431519589
943176169
351843154
61490185
839360555
306008705
920274762
113360418
863542595
180138489
597464665
137227659
158731440
778484719
589714273
913465658
506729647
529367678
845525618
125666843
15263405
679712150
787779900
927742584
514742524
779368069
614071717
794528127
643453779
538409191
502529783
152708624
803694962
776334428
863571956
382543009
838437325
999577631
589872342
233710238
204743210
602589585
194767322
925860106
679637149
599608441
606042773
484931773
227672877
208399479
100428924
101217571
239925765
739279126
751228823
411281991
239083522
571148269
443393158
715148867
999696171
696564572
423371406
16178253
323901559
788355308
246488289
51602462
703685415
614200784
899957317
375020865
938202628
10648410
362694094
258213592
962072490
378453226
135710753
862944887
180570583
304910524
819623835
332102128
472531505
126437370
928830097
48423682
830805819
625981450
581881424
245341933
250396346
176779237
836535385
789531870
169000652
191779431
30788212
193263117
722912890
474182598
4394041
489212102
171573990
299478267
559102760
259447878
776275846
435873566
68735266
811439095
570617691
45737551
593924904
208374013
372134779
558089044
814141889
729871298
666291979
446630092
102073715
512074223
399700066
298218422
814611756
49315735
108085916
521307473
144090050
120747417
156811134
35918353
596026022
205398022
421098963
120799643
645729182
105479601
387002790
995313911
58008049
337183825
611575401
227263634
226863258
605266381
438096474
874301376
429063694
557353485
753069450
430223632
324258021
255243262
926219695
287106876
509092611
153049923
323569659
850335536
285875491
36024709
286899190
474622670
813679231
368121960
385669759
918394084
346218656
481483699
681389241
313672383
495304503
810909380
379886184
393327551
237147641
711596446
573810358
206472711
815045099
197322782
646606321
878739300
262153591
423804553
241295498
399004690
422938778
250155451
707528924
786736880
507005778
165173312
606855164
670636399
677039063
904388427
396869915
691796827
352985543
754209685
200828967
228232099
686382188
132271703
929956734
988934873
528131938
465112375
124995840
231000030
30574157
247832124
953022996
106744989
621454456
428726618
984626623
475371319
448420008
87764644
746590212
150643158
723966561
444454132
503237770
737778123
304241481
728338690
823793968
939010995
21057609
358763156
627478296
734520182
108202561
847652839
601144948
677449109
510020981
677783168
932570957
178049945
490349083
586715728
750495646
636238935
270235465
179843502
374228783
503437362
21964611
239746375
720082371
286840017
459663952
433342489
118034590
410210051
249067934
9598026
876802833
926530563
48968877
826395051
327528161
309942465
436683099
589555002
135328050
387616150
135057352
907935422
766461945
580366780
371696622
47198336
375479842
597783057
198645245
749797632
80827019
861706680
1639210
547669889
384644563
543180611
273600853
975409155
502856258
638434648
962875032
139187229
77245734
416175208
27736380
159813704
176824782
340585736
451808113
114227964
477602552
688954774
197513242
245689865
693609653
748993721
400997981
595099033
901936900
428062867
758419808
61087960
880521217
618973090
143301818
845922227
637515291
490909608
257434141
525863312
87868370
850477219
169892650
383640248
525851097
576763549
261959114
168755219
880270452
652713866
925330639
842701739
787699337
114263471
114836004
228127121
161863905
902615300
202493278
967665320
223271663
829874202
889556214
136829357
68149398
332808097
689404961
907119531
757137087
2883408
135503183
956631015
845651508
173940971
546905445
203392481
855562104
15441716
209137703
629352623
847556284
177038007
858938948
531843863
736312919
960701214
387316044
342828392
63368660
394832746
522127531
391243428
892787370
329799673
833928615
492498108
61825937
982790963
554155649
422514026
223251476
389633184
669428317
328838359
598427928
714379250
507100105
438210997
804902432
490988734
739214354
382439098
310335614
330115323
688438632
157862030
784804471
966809583
951626381
904467607
915230310
255078530
31124457
217390579
825224582
992728999
2392277
560217609
153332760
987742704
364903785
202113123
858836943
292571570
265235158
529264000
80502604
23696597
331899797
549342497
39360393
65515925
171194615
410639284
176315819
424446662
427811963
473762193
952093430
156901860
329867642
74432464
812402356
154972080
624231668
83367704
907724301
582123699
176512350
597339307
713345752
170198024
743374466
103784810
949911735
129564343
251407177
507481468
891407462
47370463
619935774
77165894
254236947
290816934
934094408
519448053
51612568
519614695
738667079
476122417
654395359
607138016
99181226
765590471
325974150
360867381
295194162
155180888
759891491
967894931
101210185
890975749
656240122
909151978
545771954
384082070
155697201
587582846
420820604
314625336
176894869
489657819
701176020
233191232
551649575
124484797
987232909
459400325
917167178
974433388
632580387
559838186
643962754
452874139
815307313
393307711
427439427
131422850
984717101
226172736
858337499
256813695
3830876
257305439
852435832
552783502
590956892
875605675
501387056
315428502
438510804
57715258
181037406
750383640
295955779
600160636
755763715
510791913
680612240
199381287
399765797
789494257
169029042
14491142
611945903
102733439
330888379
173995970
847942579
407793607
299912978
193573132
698089895
384211315
907746485
407334285
690914318
931685690
847546949
996626808
234205469
767354180
392003539
801383117
380698842
655563925
532163947
873232821
836073690
407623979
935726952
6005163
511496321
2160152
695630730
450926775
780815129
951373654
55513558
737792828
721836630
587665136
867138834
872863626
179829761
180931024
986976633
712244167
28827848
446568379
498900202
683206074
316753894
456034478
19648470
604292605
735399999
708729906
511434822
521511616
428809995
733413963
34306318
145726479
269077822
405062260
37856572
77439777
439799159
624896495
12860488
493197555
407780130
728928192
688101179
161717747
535769897
84382387
92843169
105974775
446061402
32536828
480404108
234770794
727561877
891235715
954125796
655010597
838429274
706126513
841571290
796564087
781517854
410923100
42935885
724441550
412481807
205475285
34940067
122963549
118351084
601882258
5530640
663047821
39254907
685250214
293250628
438515931
426372235
33443550
52161227
761475021
551083863
338965665
681747541
7484398
408656788
460409974
694045253
627840331
656928017
972270892
18932845
208350151
366673749
573919943
689360479
502026053
576062288
217741421
888979580
275697310
600537522
503959970
33643616
677749646
644887717
164016498
857807130
218781867
519937649
26435132
996246135
296032798
62137125
508918397
243588614
862096442
342003948
57827593
202665260
789811339
913952225
383308177
374328095
334247914
818566239
734276701
42227424
95733440
795880260
336901818
722408485
805445374
545421646
248558111
529506528
620951164
261761971
917826457
750869913
541692916
134615112
324791717
89529785
322546683
740560829
108837017
834624350
819263809
676310215
361727247
981064047
507810429
166452213
753764678
935276472
192326213
703145701
926194867
887542587
942754245
59533231
579172441
651443030
527906366
591801431
296374326
946930452
831824118
22054141
606491488
197236866
133836339
108656912
659865324
770159600
843309398
548767237
567863583
47557212
475265118
114806751
467558727
83584069
133023619
758468444
47506497
927245532
894189669
639233730
662462190
60441216
789337101
341079787
988768045
350960651
802958202
383127154
389862280
101298937
401964735
91001241
756387922
460011115
475866754
434687016
690451604
466902532
292269239
529379433
118346791
873650537
493904866
835480327
918929254
218198145
995786706
284292744
484396940
382533130
423473818
997567478
415647263
725978889
18732165
116233743
48648283
938928618
168761177
653735686
571543837
770010745
596778168
586130537
560816093
447223133
424634701
91062547
369385035
290762993
838498597
148475449
692744002
208210916
229857986
898105983
388403501
861580875
525334576
518748742
897335910
415337724
15744669
610645661
677331131
197550097
487698766
661173036
277339890
782147478
465805090
295815823
451144931
75054690
791236199
645314268
22282309
920175943
616723120
746199607
755345004
625356085
155720710
147387158
462205948
233891425
283057244
859726811
762987945
317549951
774787855
500742445
996620112
690700681
759307100
725273650
397111432
222130025
657369986
298250921
546538594
828185317
184387353
324600493
527086612
186327715
433074482
64806471
77652622
630248952
484945607
371757688
313377618
454806631
562338230
235376928
417766344
75721623
176353397
117700880
263106502
898089707
369724528
980458317
61339056
254375808
306969878
736973314
672981915
221127889
159663183
84722401
152460054
567778455
718482053
883201976
600728525
51678487
215993459
705865227
249293811
754432648
67710368
284453613
629279432
119590079
302190586
915053067
284149560
709584021
659973048
704533898
62107717
548549433
625453003
64659982
326699234
954369676
493224781
114621441
879658572
146584230
447464542
923047302
84749471
590402107
395414211
686567294
515076677
959609804
126405437
197038946
386911063
689821697
246556240
561953837
391631493
660264046
580315834
398072960
12309926
827124361
899723412
103711114
249134383
399183443
784616303
498318840
423419919
216492415
280334935
593672670
917178691
867877482
444545599
863480186
381274678
104458481
297761168
24310592
274996428
144037743
52769868
758610492
287498417
20228540
878200388
421987183