1866
188410720
692353007
877911250
495822738
499895638
468991356
239733461
412096820
859749607
763751447
771536394
412900834
812320701
926470784
417509563
345734584
249823086
935250128
971925394
7426374
352949398
567680164
801920673
313686224
233784482
326340
636094914
419572219
941067673
633143377
453483321
334008961
180089309
308108364
184950530
286163324
534691505
179290723
807927363
168332007
257143111
77647973
24898291
938312167
348406247
950926362
310555351
645702377
814138651
654040987
222050587
920547886
460510428
679021855
67807713
540944990
427979217
867641912
322545777
247497402
848973437
320515096
426340832
710849834
713344164
811283486
118154174
257558803
317499631
829168733
797752341
977955432
276241260
365737617
980560466
883964336
306778799
916563925
172246343
571940566
358577635
267365205
929789041
751529155
683877278
663769986
352435730
559296230
139565497
585871954
186340580
227010124
528185455
747167462
410193358
497418195
633356835
446624747
986651848
325598874
456726988
191225989
511391792
249295748
6934844
844626368
877960654
881784761
278143276
475895854
748675008
296807836
539362582
227172468
73558465
310932983
106361251
487970748
86625615
945123315
483259103
169149438
594175475
818586434
813354812
502226960
397710643
188025291
187497730
312496843
432819696
670744520
117445573
394573461
767504804
419451575
364414084
480742877
445327351
28337113
391523332
495402782
534639648
43577538
797229837
680050186
740612246
527577019
740907122
724642248
813238125
330989673
884467962
374754403
511832608
657433502
962872681
200933530
479309124
694635713
818816404
995587868
540558564
542217503
956595798
762782709
253538912
998555584
722719114
780787331
997104794
832363732
4919958
556272563
243702040
808803415
720505465
418021232
402327164
475120219
101161514
699811577
22821510
996748693
290485252
324158068
893927685
865813382
62642474
559651722
153927545
858812047
923193223
133208500
116127677
526876132
60110733
250002135
646621902
774342314
634326410
218571094
852766309
212819221
83456738
720446687
915345340
562247611
882506319
683777073
622850728
763961486
129648318
976706603
301728796
56345124
429892955
122411190
188663336
568932177
759835139
931754170
470637067
599848814
408151428
670210092
770242867
492427292
379372994
710636914
876268659
449873618
249537915
536972076
23054087
637649948
995792461
633234954
575466752
685050663
672384354
816867810
956511046
347601016
352616925
934506767
860086710
767071705
699195499
611468317
185400906
57776663
382367737
228475401
19695140
176276460
386284867
641292388
672327448
422276572
961900795
624076465
217677516
809900145
310663641
420604029
476144572
346443783
783496613
250494612
509679348
253976173
293093677
486598866
856861925
144155349
470540968
455200382
925750796
200420521
839173597
332301029
158463351
683750058
242707857
861131936
4064790
853739650
707078830
855298955
686245814
61221438
195153383
753306291
646929170
955177791
412123259
798259555
832907244
453050795
980922697
988806041
190944102
491348610
789103229
837452056
251903103
605408266
843875770
810880075
272030322
827013693
434026953
987757810
468824216
77829602
291893328
938277419
572502275
507344217
377300169
671289556
63822952
923368207
880939360
500744479
517109641
232511644
283020781
234331335
935455533
478117133
537586711
474259865
898110760
158387967
693100094
228324141
954061620
507657732
467963652
473011612
225355538
838290423
625669707
130975403
663941036
283930762
96281851
316698421
716821847
25774320
814365900
827355672
844100367
292695288
557441770
680968266
884185576
587181213
423970476
925006942
749465677
847426467
916524191
710652687
566003641
851752714
810977302
432679394
120329945
181408711
637963049
871621033
491139164
420814853
973737667
666884091
881772423
666365246
112349131
420587757
376657157
770786906
13742640
544038104
985479618
405898532
334224579
654577255
741418392
875858915
645425766
493162604
134305247
923256697
638647853
479587762
387481863
181413107
36272679
621669371
637391306
722411996
272245001
749508981
799394706
718433367
767461823
705788707
1386854
564874354
357012098
937323568
848918249
722080298
352735397
176683486
845801598
249538392
197711977
482630138
439267965
6834512
732309826
153497970
836035435
962214598
399695726
469065472
9571300
876225736
718232145
579136191
542815967
523818517
694118402
249101375
392082732
162259427
19126419
657436413
253689674
878922606
336092384
739537532
515849005
793001822
800043564
4682922
577893358
472449420
499638949
221355269
339159067
984036615
657836688
108179576
485982776
589289764
659940644
166712566
443661658
166072329
380352171
100312030
256474534
720033809
911854110
171750199
541703213
475977007
815676600
360286540
919292368
536255373
6988276
237629750
229734919
159929578
658124282
225952313
984882940
865976390
143718506
674077253
890619589
777507653
912641733
300912190
42081875
71773496
505925915
509056379
677064605
383459203
262670189
834987254
14470691
371047752
200269970
202002334
300151960
391431719
946399858
81780029
908353209
503905973
803879030
656663829
667499859
118939239
978585349
501844322
151232232
834255981
739747349
709959693
977542046
749244131
164460604
266604744
840928251
747458055
690544481
89582339
198207329
360210041
356495329
102954215
884155677
752049088
525706609
320170343
26149715
918725046
651815445
601233413
958021516
739325132
901831344
607259077
38412435
961463673
451068263
70838456
885271039
313203453
923782720
753087026
41553051
534854006
833027716
259753648
706737849
881212330
732715262
704615581
936083905
438672192
178896005
755624489
999934790
494013739
929443586
663119098
380542044
18254375
311064370
656559400
190999616
117963143
92624685
423945909
180902839
942428432
870438514
516777617
473183355
279346004
310931728
905166479
647693535
286351470
286301874
852429170
524400899
556402126
844906318
497680794
381997098
349750797
917058256
508679298
664774106
795035461
131822877
543555274
696297400
989938637
356547470
760447438
809552737
370792449
763121721
244500885
203975102
46410644
573484854
4994931
808025934
867520983
689991792
244527850
289076011
749482840
675482125
935148682
955026106
331498200
271664269
433062517
234869449
516694005
792677582
622385085
522223482
37915879
2998935
110887995
950114247
943584297
604217571
506859352
151226783
881200631
495909350
670659251
557029
137975499
622328166
377501964
474239456
44280474
278225361
696345503
532469280
484284664
898826582
728184806
335562
873218396
471155466
623966562
922295277
27442237
392951966
157233579
247489445
291273179
640751034
468101088
742092413
523359510
303797440
758126764
641866556
250304701
358626459
240441519
397882428
919526607
5677966
458652678
721785931
379540381
229008009
383302882
777092290
74104275
585859722
661568618
122862250
976392905
882451745
108315625
243452537
214389266
620937734
678489111
50834531
939341570
648391491
990963134
2110415
359752645
285220461
54963074
102928191
196911113
903365926
719458781
36330173
308730991
971505867
671956142
104622103
550579121
794494711
105856873
986814672
694986283
992930037
323073031
846223705
319421410
420019356
734186321
273435997
977088596
942316356
647434499
821264553
644440161
755288741
414630308
668731535
902313511
879227765
373176194
724199387
196939135
631435084
205208894
734307942
875892598
571939991
366312025
5580109
841219224
312546809
340390937
615862265
186820242
326815661
426322818
483911834
525302631
713978976
954273739
330182266
231880174
444947793
806175181
953142080
753093578
446960773
822119277
63876927
471396881
690906719
737484032
930418035
877987434
401863989
804948914
107830940
607681356
731560983
282739669
630436918
224606578
257201565
641304196
158282685
292814030
762100891
214362925
789473099
112038816
519610899
984187614
856679755
775972808
998272658
363883940
63051210
310542875
895912255
387027798
994745371
19801412
218106228
745455473
551874287
650469157
659436068
922337871
669682090
647102683
893257423
368650224
856728931
241645539
467234735
3272256
120450401
814407751
724877718
375117114
50329392
597940593
881381921
980864754
977759382
451965364
48487247
219053694
696102795
326468116
88239405
293630371
76934797
390321908
286343393
372242162
329408438
879113679
568751333
858313104
856414068
421680391
60606285
696136685
362116685
247233669
824475717
344800741
519748398
200514762
96375893
463122956
204702635
658451103
947138683
174675346
64286377
586519564
295592688
171329879
56610698
801488029
226629692
999320634
70427798
994299259
941807006
836028252
877414730
539150541
250683366
777256175
311649130
195336851
179643255
9926550
515461216
522452054
376322489
8969363
784084234
546242026
31431641
529549880
738036144
547764119
874583103
132562153
478450325
885228913
468283549
923168395
761070070
572671811
266085901
809958589
31092535
354026064
933796845
35671414
190486833
919037350
825716064
486914249
313175939
243526553
389801727
994524535
973986431
506973448
992938530
459657161
614838797
739711580
878036319
518987744
220982589
77640252
513451140
704764675
631757606
395643849
345694391
36262530
102260293
990342252
38253733
904293494
193731133
633279156
807976559
938734813
794012310
902720616
924362657
213314953
984815636
501948065
742441508
868849950
95755897
460342997
611957321
111438697
459364172
420505069
645297776
283243674
751905065
857053141
832653436
330995594
513361896
960947960
917962052
89226279
580424555
215849291
925956377
588518592
841360019
393199319
30701401
742920951
682511494
502935032
210968400
918627475
205757
555096307
864254775
817397204
2557414
130208742
103559054
933360276
199595097
910174205
174839222
357125787
82282506
762390800
311349655
870680765
398612852
862710411
453101346
695237323
412263949
396025850
506419491
316950796
672484791
921245350
715591543
286143883
963798758
164829949
83476137
419038798
913878258
527345996
408838165
932137880
88358772
261234363
945204958
594089187
698244955
26262508
407963075
931848402
814221342
245946629
462824494
529228281
980315856
962676299
437553381
999627291
415091433
964958034
977609597
447601629
565057532
347466130
883007376
308884992
500534246
11046558
708523531
430558791
203854594
636147003
883032685
940362021
837073583
623838652
746750560
755366689
459102064
113366822
153636755
696408740
33528017
187428188
485289833
696446047
671815427
911291571
552239993
255597231
724154058
173103251
618758990
54848693
704925701
295903623
290704461
47532626
295459081
306037462
6846697
766214985
85571356
367273426
487632384
440104838
261086611
913707155
399131181
982673947
530944439
562875437
27964038
356519679
671680736
653964775
715412444
798546976
267811296
786233292
383705444
1799544
188680808
612517669
811419982
144046148
327890987
498760007
980040240
417253712
304402223
222035526
350096742
444575530
385577284
403025089
676662330
935592434
963323036
795361296
997344842
997688031
154224038
585974160
563924523
968207892
694891053
266311104
549134830
868836089
49611
670508052
969174881
189907724
391117404
40706709
57954617
488535482
307580033
939630732
771396081
452642361
162688350
298725758
936235210
476027905
302710747
391382662
111106553
694377348
492782555
95416805
201666182
861431712
425693962
503735223
870471915
23733311
935517076
710399978
532279938
225217299
827658543
252439851
718274539
623073460
831171037
198058986
760093556
756766017
612495126
77831415
473605091
77120256
968250726
947119946
826151522
926689063
746663467
763747813
824837307
411870135
459716547
111024099
921847235
434494072
681373338
330191788
392884956
205322180
143906972
199063326
30951696
143531013
43895958
795430824
711539039
145489377
4384510
977545342
737127645
965846890
996990020
198326338
56930361
216012051
137543377
233507651
359430106
1669678
69110512
775515747
358466324
753244691
516366400
937836067
536438617
34446783
656315753
743073608
75906436
222911498
680111091
476593576
74362515
973865477
665982090
307014908
216191913
944721375
326366672
97834962
68971582
765511675
915265868
381065085
147691832
232989928
775212980
523624109
303533158
828972375
710757920
897196941
504441676
764898300
135759842
833722442
332391140
872677621
826564226
520656301
937048221
805614594
343235549
201090995
534899253
509503278
368581371
431002028
590718721
540881172
743150470
33859651
876139202
689448718
622990619
884735284
373508767
311146534
347962080
576621249
469762146
86229176
619772179
486732238
408591427
182231909
887597036
844162059
249706868
757273353
826985895
87652830
363642688
909490520
790695712
148887459
382380864
925093801
159228841
240540278
529484653
358419578
834193486
808246692
433400551
878687950
560654782
155139391
825284217
813004902
392183397
740061097
687448065
477442207
42044151
981629292
805030593
295403502
333338318
632050720
662500265
462770358
950500230
27892073
854016128
643690123
256443403
429693659
869264059
432248637
473794421
108991586
228561509
511183078
122122553
140416419
296619391
800010483
848979149
632386676
500872877
918438391
885932618
699476633
707734131
633540703
696239346
58904154
138080318
507874586
219233189
823471692
837206417
767478452
829798471
738207606
627142983
226670861
75764916
149229370
79978854
779243995
337720765
862257710
762316424
757464337
445542899
766749929
480053153
853003783
75389908
466584017
90129004
355683049
578065377
512168871
538086777
710871409
269835757
354580314
724300982
507740182
392295137
807804201
952288145
862032714
483212341
381286854
697217576
870839836
41951025
516706787
201973157
783840561
513299992
194183520
43993403
687371847
200620558
566373977
854972190
533665951
253515815
981130025
199899942
838594195
829443399
340342426
867492413
566948049
520580978
64957093
277061576
322210344
721255308
86490267
898630370
360681567
778619230
404275852
928376004
566650522
29716460
527267570
976285443
546866683
90383238
310417535
900513007
129352321
496171446
440404170
545116879
605830718
409909734
708724735
425840116
643280685
951367612
20301169
248334200
899307962
471228120
333775060
891999043
589203949
666563630
787441730
577901848
91280419
213327895
485974738
869275623
134093455
198312048
124260518
505888127
46199843
758196801
986160835
878210586
963945870
161677361
221663543
318839548
781945951
510891107
205045461
297465909
282984252
69412021
425425913
137109696
889680984
119957991
12658375
160041201
607713817
720174334
464551831
41672640
293977391
445121262
283011972
277879087
540866713
835855311
17168426
532724066
341002326
355144428
962381153
339997278
942497889
792191247
873066386
613081175
453682730
740239528
430969420
905925485
921097348
735135002
274145678
223232359
887623843
400938644
344940439
223125539
353893591
249063519
172384160
80211598
438314506
221447245
745269201
803531661
819573053
189577887
651029370
313204587
32104487
878419746
248631227
621756237
990530014
805350962
912231962
271113007
398881266
989449079
672973260
315866784
832960124
315165032
799427514
174402360
828651905
86624586
884095274
574680993
958902159
104334054
675655963
399805898
255974211
153188042
829519423
322542553
154916324
399319834
874979368
214634656
464748336
649909057
302139297
868527822
60834083
287434793
235832449
90106458
657295483
377415467
337930575
717975429
89079686
845759632
653485126
179533237
882430517
979755280
566566567
694345638
923504362
644195236
69821186
571260400
245494944
397511298
630636350
249168707
771262252
178350406
938734296
241151118
140781843
735449609
958394411
768818441
982561668
291107135
386603800
698014695
258762056
437812803
373899022
32939142
558595360
360158951
412403754
261877643
966872971
994622585
136273487
410913927
854737397
524994694
897034921
857651086
346619387
798136686
151844150
286510661
811094796
206781057
407835400
337457868
870802200
475320166
968385486
450046257
544218596
19793389
40891275
421143980
35801250
811158634
360246254
659475000
367773234
27622817
414611084
694260458
631374306
478196285
205192614
303445516
278423838
849253923
17154840
637242658
419180928
884241456
45907297
677226523
900604651
859949976
890887891
827728059
732516465
895228026
137473535
806537936
733103418
636976599
725282363
835780340
452172918
77995048
761853537
811871428
793409689
286221959
58606755
478360996
747685204
91549064
233456576
563324924
245945583
722717114
772841403
130389258
343631983
823673442
963440951
82043965
132554705
569218407
870519890
616979954
36162324
684844656
110232731
564070670
920478109
344532360
965269369
824092401
77433506
878680593
746899079
152106427
150383958
366269875
901098740
560600686
450941439
571510944
306440140
839517232
492594346
971223072
844760507
522462235
843664500
531351257
278026706
242231318
978924524
798523450
787222184
114697236
99841464
900070032
459923572
790723406
396155984
549087301
653255599
796331469
720476040
309965189
685648375
125156578
75008365
86557747
918916987
444214286
606916915
914564705
814154184
737327312
412349448
163783155
357916637
728046183
238971081
592692180
215050647
160485564
508487055
573982649
187286196
936239964
124879523
190850051
521376268
802826072
237068023
776534682
12591995
981177837
194709717
236433017
644576111
390537161
82199392
826779506
451553991
186558369
438240837
398740765
581415946
393333474
707359455
81989027
545326277
384453979
801112896
772539130
691107698
920954969
288713494
934161216
862872053
126769545
678680055
392352545
366365906
654494152
766262273
255978690
232226598
872862471
491278695
429733747
908051084
99183971
409654867
10624695
611474472
614353653
535999564
166983090
870305897
472781860
380969747
539575734
225914684
617652406
34383654
393862714
424339039
470425020
529857502
270887894
113058761
692816629
199512208
965042610
515631946
215668671
708120129
907623601
680763502
334245757
848444781
610414824
371092099
136071778
897896905
832094816
489814942
611894263
502236929
114964522
53883605
147851497
81131684
113998705
840179594
967176325
756638898
880073058
716989140
789485357
957989717
382719060
624482776
636710572
25167445
172935555
60363626
140455120
753420807
896102648
880657211
473293355
482586761
458514934
660110827
108874318
296087915
830454552
610551034
764107475
597771736
653137335
732110387
106123277
51256233
223476782
164417867
594452619
700587776
356846667
874739129
531187182
590831670
841975843
342599465
895531739
93775367
308139993
686904775
89286131
104596815
462742831
754816695
15792072
603821577
566608464
356176814
696379928
949634227
572907174
424862172
964379357
838980431
56382884
750203577
476148355
819907676
609111348
675445293
643306515
739676312
464903123
827958466
835675420
970516437