3940
518540982
312516653
571483066
438774232
983342618
359062605
701304098
959238238
786939236
751885710
812542084
332170075
576569793
709720571
22762418
708333885
453583256
854936792
327848045
989712705
691023676
77133549
818220328
37745204
209708613
781998720
898619543
195890654
717696385
441103541
328713825
957426346
976444319
443095134
44004746
597877519
26069094
814962217
614779348
492143293
168012658
37558428
592228497
279781608
390710405
315570332
788046931
452494701
891742513
188058924
227763673
285697438
702492920
210615076
930585707
630839906
299046247
958768168
154121115
194023711
144952532
824988513
224418908
177599348
89084906
126448882
232920456
945305852
611310325
531530378
155060081
901198725
537785497
766821933
596022556
14709179
897142791
444295757
598157574
429856555
310674468
932919687
874806390
190950753
281310379
347532141
911208001
361370825
291602414
292025020
101546311
749631174
998363563
318036289
824060025
86689872
741026589
329279200
370668014
254906311
224048365
829043463
66938906
738949906
623758586
40520034
909435220
89478485
491545708
147588946
319223087
980102321
75783697
771151882
265280500
440818818
225012760
123533310
371691298
422163693
208414918
420110305
863753360
452500566
888028377
277107834
330527920
843208889
567925093
575239045
517689376
618186164
384841375
286968174
71265693
736087976
514928674
301203863
328177468
981410892
254948151
981936037
294490361
648986859
844138978
85509010
357803885
903916253
834921499
441306059
21308023
865981995
660972510
999436132
50234129
953076953
395657666
355963939
177066110
45254675
842024312
830070823
288038514
426485210
352194989
588324136
148667974
676260892
124793237
70563200
609792565
5556089
682225901
397202584
824049572
798453476
553794700
323282454
259120504
59905270
322058124
520069705
782443142
897353921
454410704
66197066
816276482
680793662
220237035
758900471
436341689
936836491
50803249
742524767
523846461
69608849
347157101
982854605
222782419
350602261
74007903
532976021
119537932
551328416
366979739
500340416
85114696
558031537
453305127
553258833
601250954
541719444
88518154
621729815
370113657
724642704
176814103
429861286
162775664
351079267
952548903
561655073
175419244
342948109
554736136
698265656
389668613
308262779
699233728
146656625
36961345
507050395
238325565
592315859
911275416
361616430
128734451
166106123
742246631
886388460
85664479
312153599
591687159
862892574
129806761
429529735
190484352
749068423
704067451
659501333
319597826
306524561
347705102
813854502
358275179
460824760
917343497
375212039
738024872
901208608
1678058
908374626
355628362
173561288
688278034
286290203
773998517
686313616
280599910
599786435
197084905
249623814
196950333
947532853
920825814
104326665
292575062
502100153
614700381
985147854
464346945
145860548
708107097
121359062
103145258
71258396
806073711
243664614
166757630
159187413
297509233
46704183
422827543
633034340
640473987
933940691
117584915
302027932
345770661
814555708
736279524
459698741
280920190
508133574
64502711
755481644
495962226
437240509
249423813
232115167
414678046
197860529
403800937
809552635
48191845
421733287
629748970
58119912
194332638
49875768
927478936
760557354
764479243
735995801
465148722
121777878
713589240
667193628
208867076
193468254
839121724
213609021
26362765
133585422
211139754
876004148
891288259
174062019
784666395
445305521
53052581
681813193
536092576
522471146
624568497
349723113
979036110
457300227
435196862
898997451
242357327
14907488
735806975
203298189
668387889
639576538
317950468
163460294
669166247
7973662
393809016
516831150
50331766
196668876
308640677
991255489
204693105
500074851
177671909
240915991
245568694
123380403
324151512
676037233
518551721
261442179
171167475
162872167
614266701
264418475
659974971
532281590
336601137
40660216
222901427
697575483
889660931
627852877
122299047
459203779
97010010
753983004
596584436
932359895
374671126
344409847
263575493
276250715
131185834
10614059
533912237
885320933
32663199
227766476
649089584
122491602
822518316
405513438
762597529
978939763
222870272
189492639
160130058
261248976
165951190
434612147
704777316
995512814
168522329
516816830
35067892
577297260
144442958
977940330
121232337
294709504
770155220
443036481
744276277
124006039
843153817
645904854
579045523
419170759
410264770
381910776
597201029
751960739
817764190
557124291
509588643
206400378
834530237
322557675
44306750
928489516
884393361
386824859
291804890
214202075
762481356
444919921
733602068
364601222
444147954
280381113
253126336
554785439
701154497
685226611
8593732
315016542
764604281
976722623
856849289
401107359
803816369
227449455
972166749
14636193
769414363
410887680
648570381
193781927
150715721
762096623
141617343
816253567
474271736
673278683
20694114
543910961
764862595
216276974
885530479
422854426
224980469
320961454
618048253
514093768
904018617
850983520
669324046
527070152
940906401
508482977
401876145
936301597
466234089
495756987
786423842
374766270
294238978
760293444
202349615
442551514
186906649
506790609
162655755
488764745
374667084
12613318
244813890
878531457
343206962
692444879
865011815
633021879
15142018
481019959
840664453
203785863
402771517
490081406
857127715
912779900
137874082
121417118
128499448
5714248
231867627
824875633
460140330
96554281
940889165
46468731
377081583
615591988
737375747
659195664
99702430
291902792
317368347
208274628
557697573
689057503
397873539
78163257
263302686
550672063
413860655
190146993
359456817
626862188
366774683
818304988
615657894
534268230
474529363
962116863
561852843
779958441
926389219
478093193
671789038
943499425
934494766
214946581
588571157
754578003
342926617
760987925
633200405
402763025
378215462
96618195
408582471
107066221
785552197
513682353
784076390
220234
170482701
261620834
69770143
595565187
173021553
398917100
943448213
240933759
818669097
474533924
854886050
286028559
13570099
184077591
235957730
887428137
532725308
550756256
962580367
895076976
991589057
774575056
224247396
150741132
428389307
230870327
436823758
237213099
224888735
743667360
238326426
422057532
189239011
473458076
322529168
29272169
527241461
927002280
836458143
821918804
348504838
212567331
738323645
72552855
189116272
422276936
430326823
621930931
54790164
933856472
102427562
593196732
71629298
558880210
894686265
277388059
254813873
358300114
554497286
575762053
692161545
87843777
895507172
730050328
547624673
712287532
922700219
363833941
87900378
367266662
970466495
198993595
368988328
953762160
85256016
676513115
776611792
317334264
597859909
181315832
543336424
748006587
909626021
252929705
940318617
609425795
170032997
903058411
251273077
240677037
736623698
798145767
260403439
923267994
265907851
910281879
121103537
869917893
48786976
494946288
72194332
643135134
693767035
717448950
297302597
424936074
931452816
964849305
911199649
570866755
838962853
391562499
523386673
461036702
14271684
89061271
811635636
516918517
453010450
44288080
697567640
918214057
647910258
160875753
447999959
607777358
683443515
364957152
576141509
98533282
985772876
193719097
884813790
760078883
365798298
267791177
199291086
951151525
138768419
396012492
614343020
837026628
280859216
602374788
371253312
857429268
737500109
368921092
865092706
979915289
111428052
697428160
470174159
377298119
83518287
936823122
760381071
166496167
792312781
956880240
754195884
573734053
493286243
21975483
76046293
811733749
327715942
834310761
473408739
68821228
279193584
89164478
630973016
651568853
394265347
12373150
441832815
826760290
639449696
775864627
612408283
802000069
46572308
46918746
249406863
744915976
764541691
195275848
773496950
22996086
328594125
529543206
720300538
823112004
253997382
181739101
590272486
451770916
26996053
286577355
705161694
769533059
168388829
710754757
17488740
78535715
544767914
945893504
894364134
756242629
783884524
970682338
1724544
313166419
267492616
419088012
68524911
925669684
372815292
625423910
283007227
519037626
93664310
979483518
468378387
995325798
160432251
6041728
115727911
556183205
250474277
445548784
899705967
790859142
115140125
443220645
710231586
50684028
711217020
412120009
636215562
951208715
913852568
542211769
961146678
594067413
562265000
875238449
665288681
64104851
308386820
912233929
679223599
299548143
607802303
781804077
742180850
198963500
698256161
328828036
574173659
645970079
881037600
380286090
628096124
561003889
732588654
355840281
566302021
233291891
782074439
796143309
808323099
758959983
754688553
575773355
1400104
272454637
198441628
240941995
217616191
408264359
112685951
140031377
926521959
701515947
103311411
842601515
943242603
355266308
151631940
88018740
625036726
739704977
649967476
767506184
49049690
489872560
610287468
708566596
17399779
3357284
919916150
846292546
725069535
497919624
298323386
285594144
181061764
928154057
227255614
207291925
911725171
13907314
663270005
981833138
996142091
380389851
565403060
345310047
514501184
2080466
758765977
952831565
316598723
825870642
364704194
628219171
918192256
527205364
835013223
786864767
531962485
536931926
332075706
273143593
862098529
720122723
967015997
731251808
10636202
76116386
890929725
224950646
153928129
173246114
297020716
783834007
918274454
566644644
637816856
91458216
823479661
55173044
877504041
396403017
634286347
843480420
672515254
597482727
784487863
802132616
926728798
546522568
178818475
710707546
363029269
579974021
183610147
877239879
326536879
748108255
913881592
889474305
26042480
342327500
17265032
885440444
64598463
698633666
694996580
900522234
862903986
171143056
178689436
690985696
879582417
387137534
71333829
634712761
972162615
616113101
236708973
64436336
230883420
231673089
791054016
427648061
178210911
272778334
528227804
567288254
274585046
913084089
803594800
501954249
73069127
113679850
20914666
210778614
100613658
993103287
533152839
595358462
683908799
744962155
26981223
787514931
448454020
710313683
421350935
215620201
117133663
985707535
390414521
312172361
514918303
49676062
954023205
204484190
871384528
759388371
485581503
730207857
386858740
116659144
246958434
836625688
450268221
869614282
155987712
299658503
375808279
672194850
799876086
139046102
425978722
42151587
603257119
498509831
247308211
905536693
922685075
667672291
699262789
329889476
988647772
418806895
657897176
5532931
36307298
587532444
604915327
509260430
497015141
188438341
516748903
741586862
365209722
795948574
399008271
629175802
244931002
994483485
509483139
224723296
939215938
359688046
316423032
273978149
971950198
218493449
762786828
965593505
413204256
129577303
424068405
985886892
4856732
941397134
433093667
565885141
450560379
291285147
123403904
145297722
214794432
521742840
926799503
910610319
385466748
160173258
715900474
532195673
279024670
59377060
766279541
927756760
765171623
268749083
211215898
868964796
938811778
317509170
919131834
838165802
767965738
455098291
935910429
914231152
831281752
750663461
775268558
417002732
833332086
793327657
59228578
333831728
235893759
158843281
366741687
924706850
752571237
471005629
477458637
235254296
726818957
128461776
892905554
270248762
381506379
259072275
8084774
912735401
868275402
350339758
170549269
405766473
280130700
866511304
999090974
121137027
273731735
654877129
431343089
598303939
785723885
207396279
664360813
4233449
40684486
6921419
71189131
831229910
863810036
487965390
599765453
693249495
455684305
948906441
676450574
307046431
515127661
605751482
135871818
834724189
995573298
121578707
380335546
668951051
492550453
343777643
234375465
956602942
692656472
30338621
741361637
872695598
666670133
454632764
553075366
124457788
330530400
745967949
205257817
352572620
41412400
511699225
609568712
734641386
781614778
959125899
656370076
574228500
41543630
366859532
216635351
990005361
685459137
649821620
395884711
936567002
941215145
93395700
465489024
481572390
62309772
451934528
162281031
168795554
727832290
93758974
322463672
86719239
373463296
529196039
334528679
257195383
903566807
210930000
749416897
721789959
904512592
7186554
438327113
437638085
185574831
23818821
671982344
181864801
809577995
351604510
842405183
9462301
199609502
625560307
241827558
474889147
826062576
449803182
359831362
24977524
5741770
260851879
332844098
129244617
492679240
429748776
687768745
595813030
850981360
427396713
457349126
84619145
567223182
58531177
993189901
105160677
876232777
367034670
977368866
578553869
414387571
427922172
654825397
376782704
199901057
759217241
143026937
560875518
409603795
901897535
305049958
497442513
757126176
334098353
311869914
306949093
624072268
757905267
92048868
476811891
234513160
423351807
768562713
124840659
436109263
571490581
17953170
977786172
855518795
479987359
150142931
579522557
712853213
313109696
230145633
108916397
303062727
580427525
224425568
975936238
240204692
543756543
673876453
103522254
520574639
856338060
388139423
612184793
405030566
436367779
940266579
442978814
639386032
674492018
463723678
13858379
727190245
702106266
199827992
368611161
231507212
378246423
575044897
240900020
853057181
71093398
578370401
144751675
663012814
859394367
680265290
87050012
578139938
519003924
635475038
877864946
231167735
501856558
737286698
411095240
873487117
346116464
867991669
823248377
562349137
749729302
700306569
7891890
401794565
735611538
266435218
982709619
370882992
619701929
393678061
146552197
860542278
721421661
875311533
889056352
888479114
745601316
566605295
354821831
282432599
445668082
545905847
712278388
433795279
36917042
557036725
253278195
263247621
405647915
293704558
480940057
843332629
826590412
640076304
105742034
797491252
391589581
414756123
860954431
718404124
68585963
349802700
319198736
154075720
877441427
633220645
72011010
281825199
200858602
621564159
973424530
820989191
195707000
268342177
877889684
646237956
217818795
47448907
198652875
360739029
240721827
911649779
348161796
160958857
547841701
423279769
164664780
6769287
865590498
753746293
305528144
185350444
42491782
143022790
917267601
219371653
64833979
43499582
631171737
59931578
161521364
121494828
783366422
754395846
193809390
489777840
7765499
559444653
7410103
10923566
353482009
597623060
88431470
272418454
817143502
548354451
168557440
889449313
152050461
805918645
289362298
300117191
526069969
527425893
577128369
157717440
505812504
446388968
217570933
534003311
273175444
900657269
57691132
696150669
853186765
844007941
107268767
32550398
759260305
386681033
848466961
55308224
8642638
843179135
501185286
14771230
896842590
611441251
941397649
468510044
519543949
622762598
376231927
750420544
793911412
215196798
228730876
730335154
94643181
259038679
504649226
276406833
381298468
456553141
278412153
950238954
14164150
12372367
767366982
601894014
441267982
175694169
382450780
856658106
139727556
651966990
681818416
11776577
346547807
570055713
431161866
859872270
197159987
842054682
173974304
492834787
223628461
504180969
777110901
970928972
636056114
614675704
804710542
237408170
244216558
880171304
504384283
181892038
461901260
755584276
317993675
142454184
464680414
984456834
561208895
232218311
434935254
782034585
554175466
753581220
849319369
12507584
314284309
899380213
777027276
571082913
478326787
831132533
120668351
964075317
982175922
529740669
400069513
946005388
895275478
111480103
847919696
903603644
175706996
729771133
244120170
236517344
302473921
74014691
87811475
199279806
274419245
821910932
499064703
517142704
285622645
8521573
946857317
78433164
341925407
355211828
481402782
149110551
768851402
544608983
248435222
602924366
302262399
489500484
598137494
493757690
30443915
26540534
569150840
504231426
831465395
938653251
947026951
105625668
29122226
258228886
870276439
622752694
416189024
606471477
976091446
731338106
243088281
983915267
600029605
604939109
246178994
228035083
2733563
805072019
32756653
907016695
838237050
405498235
859627409
870262306
126951410
307705607
898426375
182667513
658180883
294193398
55895102
617961436
621881899
996524303
544407101
738917031
635229609
355005223
850750560
771395988
115955708
312520791
418967681
934964652
12886557
369050896
756260005
65981203
480206792
536756776
595989230
82842730
361932387
669030958
760609422
806389189
412874809
830779032
879419665
205568622
140072208
453376865
189357524
781734965
221878531
388954871
713925439
238862638
607277510
240209673
120116394
717830468
432975643
739449157
966273476
904200485
1246469
955950734
962316296
276359261
59256410
246350592
553955895
203462299
203149595
137528793
292662147
430593452
766302738
89958267
248060962
538908938
672016450
466345081
691684490
296607854
83507551
364240033
917605601
145850743
640002441
611711116
747213876
839834206
757381406
531708564
244321656
29980980
442157901
379236204
866082518
705302292
342509669
766205459
606860536
318080448
783031685
517155417
674209251
165586526
598633580
239119192
441068290
571820624
185135210
235164123
745924249
210990229
277614916
558896914
541272353
328177705
365236565
740858584
182082474
883941167
570338597
992219534
571307675
972028889
10592660
401768036
81040323
378727128
55531095
622545355
8994297
722444214
669519008
429424984
293687837
329569591
87823125
721153398
291709176
765254190
341664201
916609255
785254018
261317712
316126200
882564589
141332410
907325991
644707900
459092357
219752233
135745378
999448471
220152535
313947344
710674781
458143925
337608781
762818314
849217008
404206911
767217678
792600189
708321291
837558017
782837918
8648920
389204302
716509257
733004870
997313376
670620612
582718690
31474058
824363158
151783718
688120494
578081282
686511393
944399496
615221823
819250266
457949184
291888111
521569222
735463294
984320410
451711854
102785783
52256390
748195630
947449625
269952818
587426527
367705387
936332459
912897463
41945811
964734012
312785816
741053512
379437038
516949562
845712692
553776991
484329054
299110230
866961054
539991224
801214408
460994035
591544466
338860472
523526603
322668025
61551709
272160163
814843195
53850414
698573737
149888550
884153291
786623607
990625765
536245485
840435954
962007989
708048213
576914484
887125417
369534405
577097324
580848863
685305100
178248865
361138850
982013089
339611801
690928462
608724330
863677059
61674093
720026933
979117226
587258036
111765316
965710414
544841331
228479383
829379727
828544857
706650419
294953788
371399430
908103438
79669802
8559227
332465743
626815768
51741065
673239556
69863295
522442056
636724866
172676272
988672312
193454917
820452110
980548079
62278744
335804843
224685834
986159205
639795897
47403146
719023298
505696252
390980355
826911880
338562091
141559889
74820771
835718476
839898403
596425950
331720455
216975651
440227156
763446290
881640552
373370903
636264655
338301718
840903908
931668093
466929493
395759233
37929863
125985865
282303762
119690045
362906790
30004153
943628645
792317228
78989496
514644717
757475916
640658536
482627635
823371290
506339272
515868233
413579399
924302962
249998066
21012173
699818360
885732917
441162603
841464551
515684180
855515673
972783165
817683018
229883932
757728501
196749613
356973324
207035759
478851476
777595123
99701623
734448211
308542660
762272189
782754939
113815218
295783203
136518776
119762968
198598488
764281640
792304870
202470527
644564306
875934126
808964875
170477942
396778831
373493482
272349548
145069287
711339427
139873975
236076564
716547407
475625315
743937209
291088676
890822693
909304359
964610561
715152572
758476675
181080126
290695356
712852211
934993040
899975307
298267068
518511302
212988642
645590028
558803186
885960535
459246868
352940414
665773539
615399253
413300572
750387454
948056719
482193055
356715535
600448679
380792986
937554055
617665520
880522408
620797518
19568207
898693737
252829167
3856945
422829757
754686928
174168970
223200819
971313772
905191514
73395229
427620949
439621361
465006991
746378543
310892990
375211110
730567075
425221271
547977105
137117057
412763356
922383683
744926598
334494709
458041970
372079356
477318664
573652432
747162390
589429923
489712255
699589148
775420850
944275777
873575483
207376871
790778052
392361947
318329671
937397421
941125295
512761538
353658643
826928009
950436338
556502967
46427438
33880596
873392184
275826567
382928184
696868969
122958555
752591188
194866981
604062553
364749233
829408996
741331517
425924198
477123192
318793446
365424879
199182130
633468576
420017829
124054756
416772044
924486678
691002208
629179966
571006658
923341581
785579392
867850007
131741524
3028240
392908445
31886604
707330744
708708465
936902995
977277791
147461324
277362059
997490260
780910564
674131445
789519937
493925234
636216667
87160582
630242231
184860696
147339966
988371442
289800354
245368580
413811962
260532106
720874013
458280009
913965827
365877264
544002653
463082819
388261551
835863649
13852915
867533313
872747858
452372726
313442808
795943638
325380777
300226949
146705678
736651366
149562555
609581304
31870955
868400748
585872840
621146206
602045518
203101642
528950846
246548989
871044805
34964332
763481096
919919896
685836818
889679165
354611976
332812155
776842817
179682060
702154629
111740853
874377375
661959500
101060200
706653059
303691082
437629275
370324761
678707559
750330474
990369219
397959231
563454171
928782092
245967943
706978577
369760374
931778987
825247557
477543664
942526651
561631061
84432090
294550786
699575041
508858804
121820728
120996486
729570794
445775698
974964585
990131726
386506709
776251489
217446616
903180321
887340996
590138717
771766762
559373085
86484518
27721176
504084835
281807653
169722839
719970738
308419182
300238042
63730354
45537875
841907038
745935625
547942004
677636346
64740221
816136080
345157612
708828353
892443982
495349600
303980442
317456209
907452856
174653815
263076691
169567132
567641379
795274788
986261486
64287932
398685021
408545999
739226287
608804994
81582519
361991471
1102704
483350492
418730030
384640468
899674702
637749217
75818720
354205359
140699769
45065195
827611868
412100025
118300004
924161135
749128053
323627129
711964367
761809618
3287046
480786967
257615980
296092634
193888831
905962234
71397801
916818190
153060574
742131609
408810791
419479839
352623259
134730462
53370643
260727080
328205152
190220683
849652546
706124455
565235781
234136004
823753447
217766755
698061780
694996654
900307131
548217808
439182775
774907278
502845342
647683758
126515618
797560060
664520895
189404197
743768888
324686113
83985543
395838589
679099607
65371481
85025180
687493076
390421360
25273969
234190773
416013717
238837982
754045890
749763021
574421602
903952460
211171152
37698830
744250457
973126331
183741460
618646619
700622202
812548403
267759041
145084316
56592250
725777344
765240837
165511810
913459570
852247725
532573558
720744138
221433554
20533485
170018581
978956708
174756562
501472038
241189457
46779840
743429219
606658107
878285337
891971135
768073522
823708699
840480855
851072128
855501742
445601473
101173134
778327613
600906354
907533044
840633061
691574674
345418463
228678387
561932864
993796472
142641113
645470532
654896843
424250141
446341613
685922036
57911587
263553770
185299722
405534008
650726873
815963485
312774810
958233278
861313955
646356951
476428306
68807463
132121262
592585626
347037918
259203577
774716531
663761527
599419325
728493207
629472841
717367107
717279405
722787016
906825776
286227174
996377475
54255859
811879727
567431824
885685090
97898122
470073351
397769819
345120980
956092464
599462251
554950852
502630328
845311705
192622644
711410770
335171063
441438995
919188775
761905882
467182051
67352705
425712873
748522955
119860729
304317301
935400378
492823627
749849068
101469580
318857006
613193142
123525433
956453857
288730411
308717871
534000009
616656370
512715114
751855940
752770529
430659657
590800761
958473165
404760738
664417685
983049501
256092105
529377331
83895852
113930376
864104988
823421228
596891626
350515696
440626929
404108667
786375076
439121094
205613683
131509291
25150704
508697018
249950755
237426267
975116986
623525590
159909304
29319937
52079312
703276542
701124239
913294792
138355513
826360956
867943585
485176233
369618579
935513527
555964502
77052863
103938321
158604507
190393120
871640964
742660811
693687324
596267279
364879991
854873302
934359332
197660647
242971806
996490858
741049144
511060060
759429971
183794957
357233289
236757425
389353791
587540136
224699354
53423746
844276465
272969466
15414346
712862855
844470865
522877912
876415136
435048629
691703770
983796972
330579646
144454770
650373122
15490421
237646850
835544120
553182546
743165742
940735461
108447139
502527910
413607231
479296193
124840638
623349422
632348512
324636502
154070613
806683307
113490991
559513483
385934636
456396533
165212440
478770120
613948461
667298712
480852960
734956779
200794039
203267225
179466686
773224140
588437274
365707067
43143590
288839276
631436299
509551377
88032711
96922622
782410376
95988730
620916691
992182853
924195489
725239346
666317102
337631992
213522715
820508298
328114914
766423500
953530258
7122769
764563178
664244578
206122152
211276046
242662143
267229487
257990458
915326383
820819547
67931624
822161821
43814757
184048340
421200930
252631979
711354588
334008837
626669829
785916086
533393092
877903673
148605797
576134901
828378261
921153453
557518450
253585207
680245981
243007366
17152369
684341554
578981886
226735934
304551555
984597466
847025876
161366531
604634686
528172030
395316360
534335410
560967929
104397745
18782972
429943832
687220289
767994879
887857327
127664230
476976360
766158937
102183390
151868827
506692334
600957870
684594921
633981880
949985617
667066161
508692317
865235681
713118347
8988640
511783821
379908303
456300907
421895368
109514504
116446255
378598325
195756217
483028781
266874579
934473444
420017789
81939273
144068947
715375796
304381471
872119555
323405292
753793017
948275336
328857403
839895297
184421380
608449370
993693702
892115671
488292058
576229533
357087091
507636547
487259879
174661261
171151702
5868139
868241703
79798532
346993382
676369198
712260293
453448856
927611925
133861134
585272308
575879132
996497999
642873631
736434291
471868224
260674080
304137877
209996532
115942816
156633640
631593694
841954504
529446398
16637877
519465933
293302996
484948474
539352835
77290188
502017504
167905682
934384531
328424865
793002001
892534914
269019865
747470376
788663419
590064735
828149798
115732299
658629530
117842494
239936875
868553590
469884070
936678183
220798869
453549567
536056774
610431357
265839156
362908097
808455300
176975929
190038640
597843857
618149724
591498238
390578731
325231199
149786949
969455792
747576989
268670479
828906245
436229032
333018806
157259407
777954562
238226893
269224714
991376285
853447480
792531670
996045268
673758568
487614916
151330855
839625301
284098161
905626082
852955730
571438536
27989460
551449216
551773671
817186570
940137833
999056209
117368778
77813591
610555436
309049171
624978653
597975408
351945919
445853930
137689221
338761976
601084913
774400424
866644359
310502991
335990725
18469573
930735563
906896433
151578361
727223059
591661890
882338008
882845254
867122856
774374395
45474541
834515023
450221250
90081757
888805760
153994114
898102678
412119749
839858195
737677042
861218138
135801139
438191298
947641850
373031408
948495735
682340496
363834825
600879595
593569941
881127273
215700317
856951134
127179815
295614154
201276746
243358467
681482098
818095483
194845461
650530168
796213841
902455166
245892857
512471840
309803448
132012725
736651594
53966044
792897853
721831598
337330106
585512252
22243096
244339596
204595603
12136235
784027202
208284472
519993702
117486411
73624725
291497751
405862759
188329973
910014539
183532756
803104187
320900085
584099420
485755307
334963359
370710896
11921000
993428540
25172559
988702329
570348124
855709658
602055482
525467506
533452860
65891900
931186236
567889511
672013563
394720541
867074489
842872123
125362937
191744882
268357754
866290411
381839406
874518582
48573744
350516449
673364044
441491155
952572148
785298481
114929791
349417132
533454452
44567206
744055983
816812280
382971189
668934671
967757533
66774248
766791098
642797273
901283101
527845105
577277041
972594226
558115176
834922465
228525677
161084281
383761828
744964973
294594324
750975884
874849948
1158338
655635934
465558768
629711614
877789684
601232737
915104056
118182667
526292261
800420086
313992745
895456680
720802844
60748170
149322972
456128225
200320441
240789189
235698378
171181435
263062478
272892155
539963303
824099571
449066906
196341476
771505459
438799718
98566542
540364819
69807624
867384605
681712968
548535712
301272647
506908196
326000545
911501469
794504407
112039812
693842507
920365163
746241440
902492279
404137757
445086505
172517437
615891771
665548281
201787846
547583062
750702581
480374537
295423100
588829671
816599071
797112175
768764289
72390782
861819085
798707544
770760736
1487327
669145934
490426328
214115870
728558044
699000911
675426363
190351530
390853536
446247059
945993906
185146026
76193380
665099651
446803427
84248319
938221263
771140195
719544182
787533373
218782139
959669821
819898552
930910587
231902694
378655017
899181863
45807974
428271420
774527456
857600954
358909508
804441274
391274962
623714905
923843904
387359333
125289145
181095258
728189685
44280581
761535714
224251462
790644960
497123227
687033110
721596878
825060262
1034744
773112811
708432845
98448388
638752337
337966231
639731135
754175200
420815519
843982251
626133892
200533682
12012545
608412467
184194267
822180728
261168192
929621359
69839188
274673710
710905831
609468300
267168531
62407531
752521055
746562265
820379941
257961088
585042223
24096804
473999372
934008511
246343308
219386476
977819995
547575723
2295161
59548758
166514578
9966587
785828372
831649490
812072281
466990856
923622262
577141363
607964459
428347910
264838120
479602998
766299348
647932518
553788631
135367485
690193864
700567985
137580267
321577574
282438213
399348220
113761432
110079502
337221300
695534804
291949850
483220689
148424320
85456151
896656702
279565816
148699918
136542067
606062396
197995436
403122890
463522230
928401961
496869975
241298010
948787048
551772636
842674361
335442062
940031173
936500360
771793641
859941570
871212461
66822841
794939587
773921409
78311121
100843989
441239375
667439908
734068689
622970727
830785932
188745518
108559423
318823130
839573702
68098873
982048671
371469952
161677555
529899445
293349995
900404326
738758593
41305123
413247963
227717865
239088074
582821220
368464077
103873707
372002669
621036853
364287588
27045139
76157689
233790597
534602636
186142424
466204533
194802354
242880251
175181619
1504234
762589198
536548113
280727209
854343641
902908263
679919029
132894629
764062346
819256294
597001544
551387116
869777091
563327333
560433978
109090342
36507174
574355304
245314030
901558467
864884257
391652288
206532679
523360998
883137462
799353846
430118895
859625945
272430608
861007382
342655987
877005442
634098438
39254943
381021225
915239847
207399364
915051904
966736069
262076853
643432064
452020730
421375997
730210457
116946785
717302312
539754988
503768104
770374214
372940408
902693253
400234691
224182639
27940724
480399397
795103567
859418066
974896155
865939760
255877486
196403392
504954016
380479571
406722441
441374796
331582439
517532169
960228115
283394817
183988321
790262279
749412125
391914678
415787544
162881560
12600384
621211654
347239813
4173570
620485460
427632824
922721702
962558096
572216847
620755990
725505479
994668885
42349241
15742186
616217561
38689590
696441157
401165617
874831405
974036379
886200616
937068200
582107014
747327090
156427759
549945094
125197899
413846328
920048391
438946551
512376353
505120394
278812782
889471262
128945298
63131296
284412030
537494894
958045728
778371005
305911970
169206371
179596970
837355798
52415030
976413204
310385472
875636484
916477491
338776187
572990048
895531768
423810529
590758344
121932110
141059210
630580992
485944834
422610987
305768107
545279967
40035553
318159304
28989680
721824823
976529769
363102973
791302180
438305141
143373860
541914871
951592623
722509540
742069991
412311978
473544682
199238029
41193043
698290892
998121445
777523448
847665654
795928748
306040083
20412442
500067801
748811806
839830603
769984129
484857768
343645288
194948694
562978433
746157311
937802797
258403432
286481746
137602436
893086094
528889330
910662636
258401823
115681228
421375919
686460146
80733663
342120748
749925912
190525751
808619804
786590931
796239898
757944062
675676071
226302009
920259718
475101596
761414904
242338255
113040764
938072637
577076433
188502104
700472354
790540972
648217353
292091819
877030938
265484826
602297536
877559840
260977503
482822827
981544737
561901597
821191483
342529005
214392506
107620740
939204859
851756906
85898360
729261961
912316019
480681320
801490403
180708035
423489414
796752128
735846187
135016706
637374241
254941883
453958731
228754740
989533023
246785775
29354228
759686312
475502859
39836066
57489781
699959112
142095608
266232450
528536865
208736127
6375123
191677814
547185273
767927081
549433724
936613080
100582073
514658452
277502377
218603753
730788882
661047081
286868954
606446755
964204511
656483139
531859886
76503854
100507489
72854679
132260731
612847845
11747727
218033892
805777853
400599466
745787103
948196542
966739663
615760613
956433972
538368364
940534638
167958607
725517338
151629391
783512474
41696252
30241455
87145018
272163010
888063958
393030027
437616730
550416757
801286559
224392345
418053659
378645039
109830514
286358589
824457352
678162107
168603012
165762215
829733138
685382507
448900736
899482916
989102284
469175621
502618515
857672939
827657196
673641274
519575318
114660790
12474110
137723361
972086438
990226771
352436537
276562501
934081003
449033717
404989175
240176430
67663441
464085620
131098627
414912173
641389194
571928168
644496789
633963460
713543492
677557511
256571183
711873008
791321346
108085747
517709739
884402931
380349699
429569568
973301460
516312819
115189501
398201961
430075029
816163032
102536257
212769255
435828853
441891575
518646611
381382946
141691171
37975542
139003329
365123221
373529652
288504638
556438343
641059075
674901359
331236630
901107769
169468159
128619656
715420261
721477655
838565407
924559169
283336430
140810138
432480190
717071680
984775491
149365015
993752552
303886705
7943590
714638336
264935198
537263013
625692935
76793798
374392675
158060914
257459337
788070391
3328634
118429053
937684825
53180861
764000441
761996398
158457724
884538868
171441077
398655694
574077215
946771885
306385837
469783580
295682600
531563461
949647835
113668343
570444991
535063110
775953292
846557724
456283173
40395831
938994388
744105380
74271265
575819600
597834458
550648616
971554096
926103387
726819301
203105154
139603052
413865670
523250553
728495422
10537670
732713045
924153821
84390276
507544802
344787142
643382927
185027293
530667863
129662490
687286810
547047916
479519596
80209731
805832432
490455805
251871221
192171956
939980412
972543994
386983293
312134666
230203186
778628036
173584919
991173455
717565029
358572208
517964376
191073472
609432913
214994861
360594955
535675610
128155420
244610691
581539126
963584403
5225554
628210619
593828927
282078805
885252356
808912071
164529353
259752265
437606004
116688585
723377918
16280965
124267132
898084011
665664472
482563779
21062071
737652839
969439025
970720876
526811010
21523614
173816580
510922666
478327557
431760534
691164827
633997923
421301125
207873942
875891286
675596532
633576733
324867268
932801986
629581097
961093177
229209434
916459377
664676052
869125525
266678565
150656155
328458638
101551979
318655387
20355989
733421298
930341093
101055855
728877697
42487795
843651854
170902351
111582054
923808717
19243567
610739319
906260478
111198561
548884373
22079981
531638599
92443039
373248552
145858308
82639029
310412762
895657072
221600945
691660865
596030197
825093576
856487807
883325892
174327977
955077221
636905122
718477560
282781125
457493608
314381815
261041708
62835670
994857281
423182439
792341519
579660984
534815867
313403590
478503424
175996024
943138813
818478801
955925368
905287775
66845797
855009370
965429416
956360942
72036391
895362389
107689061
17610460
27131921
330250452
47175950
335657400
142710311
929648231
478977863
255807378
452780647
885271758
202800074
343972589
600891077
711281282
423642355
18083898
23275145
757444257
967251323
184203378
237900496
375886106
987553529
280330242
600334463
902495488
741177280
370732010
484201178
163269206
763047016
343008180
96542649
985476464
210324888
458089915
621880496
382193243
183021931
570560901
70541074
197672523
677746942
271158067
414553565
896826433
245583714
662561940
482879457
970815524
985480020
359096137
743493243
11695795
999021088
385244136
533585792
361196462
591842395
509282009
691269717
830189839
158090684
594624434
526587013
635577792
901986228
904594041
102157239
34421828
817161577
81668983
415334936
617743826
646652156
302046448
60654614
67302828
227008944
153965576
921763506
584717994
790549069
776503490
160310680
345161547
483285707
38648163
838791744
898765933
802041179
144438823
594256408
751987335
488214704
76909184
905783824
298910534
270025293
658785528
161222487
765481242
79455863
848102137
914066632
557090613
751177275
734336280
972908251
712602218
455707683
231808877
697105194
483922600
475387784
136190609
852668305
420970529
271984241
476078329
165000210
894845454
317361711
252273766
720879107
467936562
23884621
294606690
642442354
130565424
388404696
468655887
222596479
883789644
287163221
363056606
108146082
37611670
484091948
404540669
686789179
841492188
604145398
431386157
175630516
80537921
221561221
88785880
706177368
771030868
220589068
763500700
510255603
925916962
496924707
651450492
536848601
886136286
40394050
375816326
328823949
152321725
168978531
292589057
221527758
578827291
934177486
106219035
991443934
44748838
233427398
150901342
239206465
878697450
770171105
89068028
534383617
755481811
136520635
766351543
989129688
513736906
996333500
452797397
102542437
249893726
474415901
959106567
723237389
579852159
256612276
677758379
607083731
220392369
339974817
762809728
611344160
506395091
283543399
337116981
404421933
654067423
796588582
352111002
183540887
361174761
267805226
348146684
387290102
260604661
32482400
519632127
615585771
185240393
758945378
902463985
864779163
395983757
617063753
849032828
790284594
935459178
822275463
693006450
326764450
555248502
735835078
109566189
283957026
971310156
279203147
149054763
99307566
475612653
435592445
657975543
668531828
872683700
63364550
944648114
954338312
14156219
787994874
245186028
68956959
614911952
990251016
324464820
432835095
314105994
1782710
513003249
773713681
95829256
660774871
145972755
122952573
818377885
715506118
171259983
718242779
732723306
16632115
192488296
247490495
338367460
771116477
498591411
34911619
879021658
335133764
229973321
584665512
819058017
313283689
654142421
983294754
341448250
298536819
891175692
70639965
919428969
268388815
825127002
654487627
633736458
534297878
67675006