4041
163564540
379036746
486885937
511631833
350210354
445966156
693275463
450128027
996423169
488111482
364507118
697145096
991512705
807718633
878141277
93012561
303781369
282381681
668053700
549881768
97868198
917126516
46495115
596053722
983448468
547034594
983153072
321350053
577745458
155116795
893274544
24304540
107168899
371736186
422690266
232308287
812471014
107107707
729138461
803910902
515589227
676602084
353491059
746534277
194026847
120981448
834267204
652253829
684128006
675478642
864029962
333465571
786934651
225002407
464641258
268924991
531267467
863628741
603237497
901903479
634202104
831732603
971599116
907141701
106870615
859284182
593279382
459769986
893702058
140217725
957210543
506229128
372403563
255925110
743650455
377942925
183094127
305697817
487491108
629930086
285488923
401731984
387288476
329795665
167595087
642430019
126207548
836125108
682647713
205462224
53002127
216385991
394303145
43389075
105342333
540809138
528086745
49342671
643502019
880896730
653313828
621846723
705829390
20721501
261327545
846778710
832371391
38975309
438435768
459001495
80774334
452139640
392732648
857936695
203600502
289782680
370601543
212259320
218523262
840068328
364890969
804741922
550947782
945244980
386064277
719247892
911285361
969686125
677513045
818814793
596025189
179791072
634932918
328802970
92805760
695145212
246464367
98939895
743161942
85026105
904894828
428348501
398531909
965187517
465097671
840620505
987896336
407953199
703797321
880431989
521378529
512824622
538353997
315495538
624254698
964960573
190899773
37471035
302634299
613169473
12587386
275772062
678987396
885216020
468647875
684219009
505888271
602635356
645350207
487006144
163042103
335063917
880394015
305198999
28106476
690782495
511983480
434977849
710049575
411291895
65391976
102810805
166612750
970732590
144419360
118303118
301471948
603708096
346557971
738526657
523382934
634391210
367897646
165819783
807565833
856532729
52257215
715860914
665282949
353075234
870903018
202343587
425677653
808087938
568827996
446337026
163206267
367179704
20454408
248070907
127482325
639717292
862050289
108666680
670064764
718388350
243034490
595047513
118720615
496306796
645182994
771064456
301317712
603817350
781499604
612567097
323447823
492130766
300283397
713633408
850593017
219157199
513870189
205621987
270323669
370614644
783843977
684923138
796913048
748927705
279563762
892916615
444123406
349891729
130791619
892966175
124317224
733394482
221255510
471365358
146777031
714714490
542885644
225187581
206261293
607446522
954876227
774645232
555948332
695934810
316153272
274493128
857365997
487810538
301366375
658663380
486227228
670552706
366678343
931285552
330790712
6364806
646283108
47646259
200175608
194317158
618242517
930585625
487941123
300704420
522369440
418560271
862530243
811988662
660306820
351370975
876163821
198268966
976779746
579929665
423734342
668950846
440531440
201800955
87340956
140784838
368545516
153946007
287625747
768562529
174015470
984160361
640539433
581509634
221543131
945466204
595869536
975263839
818636386
294775689
291716287
733924071
207226524
151758541
886816470
74715244
195859116
368779656
853484786
442504413
476621894
525378556
717604744
868863170
314080290
384678882
288041648
816951701
619996446
950059845
953098051
78971278
729932061
703687749
896073592
884342251
887934008
733399756
253749913
260501374
502875934
323490660
519315316
552144057
936034668
871841160
437162540
966203969
120689492
899190628
27600440
107191938
808004846
784865161
529463553
615200838
826161598
289678128
674599019
783380407
218522321
177828800
295614323
910484643
564119337
310844800
633584755
569541666
723136251
663761154
740823878
727920941
532306036
237866674
969241201
338579078
160289990
734139692
577029972
806228640
403142339
567320232
668126194
456316366
622230633
352601260
391802343
905437534
976814713
366022641
676166891
296780250
732348837
213664831
339858222
773901315
768071192
964978573
250165043
950865861
599089300
455379058
822665956
565243038
141220842
772713844
132498797
287052990
364880697
805938200
868243997
483573809
344789609
822967801
174931283
474760604
589608083
822006204
900285663
713185520
421182620
801790042
445172402
317219767
959277831
762354714
707509990
87848004
773444937
323444620
139745926
324547700
899083007
816831177
617267189
347398150
870551492
867531
131874467
763778408
864713782
644905656
385985360
425351591
212974661
221607325
435175098
170520893
745546093
650606872
870049418
580391409
92006011
219497239
178115922
208472688
730048027
323623931
221074224
981701730
542042692
13016926
65373678
306728824
742755184
254941052
162693875
225704682
68610858
233969246
752636462
710699332
333068599
455169067
119487619
158884296
376625351
184341531
406695196
791726323
426114792
83872997
831061318
766330833
122089474
658256527
874477285
492630332
129639486
119171961
211446168
470605387
210132434
355763426
290746792
169963710
142239369
225705269
141660635
686062041
427185732
357653169
350230919
824804761
627705540
357081217
343175900
187494794
948635836
154032736
484034833
690879738
825002670
642249302
370074930
596202576
371857408
963591408
983092088
567935312
429576971
728502733
996295062
646168111
62771590
638662607
594575334
620461750
970810358
699635073
58418245
110843504
520657471
67184531
605759222
134633122
906347141
847000474
907920598
418769685
232673806
832124209
438461709
571947656
324450357
420668013
683536060
731727846
954265943
509433334
158860148
263380799
727543332
411827157
406740410
388967468
683195979
705687718
69995227
223872301
154202098
164148314
359781406
177239425
392393168
132682739
510610470
786762734
508712633
112677743
402310416
509464521
3265719
202792103
417152955
775085524
860732564
47875677
443835420
620937068
727244834
443966749
404116768
595762343
817497089
548816827
752299496
464879031
911529152
692710742
903404156
446131642
872173135
393992703
452648740
244089544
736161958
724993917
811240750
223526283
15428354
352919159
200495146
894050633
838862955
945141022
378395108
890515834
426743192
731002776
111975867
989307357
873751355
848652124
494352273
102993495
523589721
760775703
706341849
986315690
123799070
807728852
827161557
305900709
584957566
6918013
4252835
248002609
89991277
46924804
955814675
337637614
758758275
873963434
30830289
405265862
393496644
172772429
760617302
600912058
799155304
205320695
385680647
639038092
970649513
522386768
739551611
122933976
572899130
478811012
603608764
57120014
701055956
822963913
131478592
175392161
573655996
282090836
353511413
819903681
91540644
500589485
199537603
463265087
263984770
989119609
268035649
299808614
347806492
664430812
112064733
461516598
409970190
496763626
789342573
616166342
382010149
727333648
315816892
166562066
386605160
9740832
758820131
710774285
844393880
66930216
211263898
286235783
676116955
157400216
838157892
427140461
294175832
975719299
102406278
661976596
420815471
493043593
981138038
594708736
636984015
527514171
128774870
454808574
824381462
940097111
795019967
761978328
336307895
780568197
249751666
68662046
738577806
242934057
92103285
764312294
768504387
494921308
803004619
642869762
275116769
915382734
96133209
953052053
906605826
736242514
266590104
238355333
999143427
504740871
73010511
570373552
513463218
113936428
841968382
495863162
277140650
689672357
83560867
130490213
806166221
977497120
982002672
796839997
943836605
662100074
695022611
919335206
29673073
520012351
989974083
696170587
743115912
280261656
192015088
199461811
591642840
470111385
160319560
363148459
88973599
650855199
891881908
192119103
655390415
800281022
657876037
981515691
237254200
612389998
845943403
504826891
496509073
451246796
698052518
508117991
708199070
262976927
329328971
211154309
929379753
356747218
936789071
797419123
545937918
775333499
930606517
943431839
93768738
330395900
611355033
957471403
677316822
694032507
193374916
606382623
279995795
315099045
357738564
869526313
241392678
101861610
837485319
180911826
409277938
188140200
573507798
792218476
521067937
65480414
903968353
963600251
919637397
918415081
896271843
726805014
615918423
955710334
754431035
421979498
2257370
906458485
921543641
747398000
291579510
668127368
801015282
32774102
198259890
342078684
590924634
700974131
427979426
339431077
751790669
676092052
701220303
692182584
588195226
330757925
89466408
493197772
450825818
719253612
938371874
139471460
423171762
311654366
989617021
251017597
911611184
407029934
706866953
730640608
905686919
759590683
361835534
149434384
21057351
830909254
78593751
660857723
719829110
613120563
348929806
921821770
822745474
47597416
52019164
244143237
461207733
580280277
563840118
82492591
245917958
779600236
694756552
352099821
823386784
253973395
500869714
245468292
171305083
51905092
588668996
409435879
457880631
293553071
714758794
966365702
575059501
281860403
478791063
331579710
679191441
440814071
466772465
773818223
737705155
462796995
64168238
210997352
682079499
519291496
836327598
494569084
807807268
262362902
289848904
12880488
844253389
404109863
4687074
461679567
881845227
98990024
24035923
104611847
204887283
460650556
50687729
395520978
165338553
23112473
813945262
732579474
35877469
150795108
661111389
813818525
716564517
433333762
798343390
17111595
904439436
110158606
770787320
451269274
324219420
116689658
342533794
280399239
464569852
368394254
186321271
564243368
866321157
862513084
111720340
812194227
904781610
394221500
4997533
262642207
389030454
339945708
779966474
951881389
635594344
701214720
742034021
195784918
234942915
745842924
728808021
860732195
66781238
531757756
1632885
299344707
213534680
656801507
539130316
7429710
664445891
189043761
216756514
573462879
195446511
958166350
713091552
705481656
552727056
388688558
255502186
315806467
110926752
405612102
664995543
410944357
742592854
428610738
491723865
365015040
897990327
185967330
222844480
248560192
183556401
270259994
408811985
721099291
15400943
412589343
965699612
155027834
203258063
400418561
994891411
952095709
438512135
835442167
831975667
748854528
306750869
404461866
122015974
510675762
789222625
19747849
9225399
635142686
9030934
202686458
146313743
349981857
482714382
500664677
540210724
124572667
248893036
452336615
413540427
95765710
652071407
726038594
672101489
288281952
544611254
961624697
612964768
829202717
757333011
710263539
931696222
776103018
268543338
639098999
477938764
68288034
429650097
344122684
881905917
706609059
154709467
915639513
428212586
175644067
672457094
218323757
379076154
685370533
789226571
671139338
424717514
74894510
810088449
931907984
70607351
400046924
645101812
770672967
500927006
647974708
692328328
754072651
285443317
411978036
133849501
371056015
66392960
959668295
21350606
954962826
892959492
471022059
946310141
36645232
234472457
928847066
519190679
861328493
287978261
585287121
932638961
692573822
19198883
825496497
824253277
606726947
896471047
378108741
867437861
650647800
102759832
573149778
605581445
304223004
44460450
405105196
449009603
564668918
417256506
791653006
44607968
677876152
944005731
683311995
194982332
762852681
140225854
531482963
789710698
488647705
715124280
637001052
850428540
863369818
20735709
199181537
119597176
924094617
444808403
494382760
214807624
520394031
540259810
728479158
373413356
231654
558806757
313674323
79960837
294985537
531809270
373456246
486463730
101294011
790589890
19268985
476728542
778199867
287493092
199240003
602979100
54703043
825876036
511456665
529133540
737291251
433435199
511436623
846439098
497105132
864569323
408742821
643582531
504284856
980667150
564403968
738066700
151437723
803444721
367917576
518783944
546538449
572323401
192280953
327922306
97175529
921915130
904242543
146011974
260042353
422510467
876795945
813594673
444692055
289668915
658804100
229351349
847082415
437072929
498110682
788411103
23411202
579989121
74616717
73407207
289509369
571046535
166926598
574417938
229133461
509778094
731223768
886714761
50266345
602762468
727406340
685253376
538413948
837046606
663848281
781973677
737821593
791774722
886574237
362725019
994721193
205198332
521535432
445122354
878478565
776655344
993743139
162873716
690608555
671157886
466557016
466973425
416214501
220903072
490241062
166208321
213560431
507058722
85349162
180150004
421725576
16354016
616997751
133863291
379542544
530778392
738384457
712344442
663882795
148231105
111479374
714363531
287495119
435220528
473252995
623271437
828163710
945987371
209663215
192782849
698334467
351031386
254099403
105162065
982855444
914015463
332376339
927986964
692675570
125231416
973365938
348593077
447074766
526319887
374724041
54550025
589404951
312031274
691999439
413260175
29912037
327334065
974431954
704813081
761158681
453426599
376824545
815559333
113377180
601153492
766643606
711987525
216045038
565428516
122735018
331023075
636812482
983943194
925826635
500507226
256201398
320029967
373056385
969768270
691014066
92437326
233136566
183863729
663956204
521752348
507415934
409626835
423593115
454030888
770218907
59055262
343268177
306073773
755131140
196336619
526576635
721441315
52088402
422052077
126357712
13926676
581401090
337192406
606082460
320849096
569337980
819956860
925346490
947171639
507936996
518154602
750405851
202894060
384798351
500729762
380648825
707402953
203102194
724694843
732902590
604694633
584724912
30894910
558415846
774582198
759973833
489221608
974052809
662362043
263481408
819423422
67504113
967725326
496892051
539271067
598403728
302158422
426733613
875368309
783519034
293251281
850602536
116267487
202718670
195947452
134149158
180040173
338485571
166382921
745064625
121302340
873923963
952925096
188919093
584612069
274443935
605959961
285427905
605532438
676698963
85059141
737147253
301213869
337720894
299196463
893316141
861377311
913362067
80880932
109140780
835420025
435523967
434971654
383633680
284870528
196624014
399541304
221796137
639862178
947928099
271720683
428806641
235255411
893146010
791972268
982851977
292525854
481019955
756106308
345129465
68944216
521739925
687219473
113649806
940612379
366600023
276787547
530922902
622315564
813301416
684058657
186717746
483695029
581491305
275898829
848784781
569048499
70442365
218447266
135973193
347354519
969089689
377454053
241150920
603777975
145725159
427298708
463408836
878204178
200431469
525604791
985421303
220981169
896811082
108880770
737166655
419152476
547494578
957821721
91537187
123068521
110389783
833729662
607349611
873619223
494409415
85661914
712659904
342553805
658730944
328049101
298461920
292985238
81592663
586989808
378769571
566719807
812912966
488157070
79395380
577154380
784210916
506948390
271055033
333277085
637759382
581037388
459886549
912628993
998844403
537948637
137540503
804635588
959112122
19663261
107483322
808144846
376967769
179757411
263341954
646016150
59558437
158838046
231703965
789230443
894088093
292161499
344645062
285784268
197847507
509562345
175975784
561951098
583277306
926620029
712977973
775040663
774290903
219953977
82753068
580138934
90614470
672245678
235666984
372007642
395892658
940701827
564842312
214154928
908032095
696073328
542618374
792495125
995325341
41913242
855750123
983931773
918878840
300455017
476861737
90975996
393381100
953939
559489182
29647301
667605242
112956535
273880269
226696291
976834185
941250811
617155813
546039588
917758102
247804866
365402670
869555535
824323954
453996065
319695767
626877879
41141978
638223399
358357849
171010029
270318715
199734638
45484450
949350935
161728579
563905660
77578173
300385912
201513968
84925810
983412113
992561
287460898
770340723
458467789
31226046
918640772
207676327
492495055
92592621
175896658
505632601
958887712
484119763
457681098
424249114
484983437
58850258
276757507
658301202
776235322
483546499
961932725
467039121
375176886
507795139
219207762
959716843
201018276
79503483
438875038
449478264
601465263
594667516
129545105
576984605
922535258
288958071
365751699
635819090
744973900
677712110
721478716
625087070
100426791
852251782
954971488
969986564
960231672
112131333
587008287
628715528
228445115
759388544
770847071
473973580
547202027
475972288
739648512
742015754
118778152
195835298
445586160
830276935
925101017
837722345
654607191
889580165
501763027
552488263
961456651
484348046
261669665
218748332
632632436
169019783
583327903
829045184
507862183
293050631
441430055
845359321
30903064
154385226
194930420
313030758
967187541
951458293
659585280
24593870
989683247
421836140
31398125
105637644
339931397
101302706
815745282
43566337
303070504
441497587
503665588
832669409
321233811
557127745
452927559
663510811
571376793
233161020
584892244
458592510
459709108
736248197
30821924
618797083
407778743
261338005
621689010
482408477
678956261
265952271
324387824
459561951
920991962
522701166
829952414
732591807
312947130
425707898
400331669
506396509
415534488
114785199
630447033
160255426
864821667
748957320
60152501
606843901
37443445
444127713
580056532
20957880
769967654
298783737
264625911
550565446
367273560
130773266
466107267
629692828
562992061
963197542
192095386
580192444
438742044
779055933
306618294
402048344
138957985
315065077
379077423
388832765
203432703
775380908
787795778
981872966
444085422
921712273
73823663
236719219
579973441
956768916
695152291
533631127
614389701
15562481
128406050
692955486
42478324
139172025
955179865
57576456
570070006
655092487
814576648
31950681
41863441
25128635
278570269
725434943
156474695
402950654
493094273
259197711
423392520
818167063
573126557
538432602
205198582
958062242
259941422
325597674
705864718
892641429
934188884
287737194
870906667
903625572
731906339
705216911
173289465
200917475
520236961
555698332
635692230
348858510
557852684
197234536
39986797
952912552
776148097
472660909
331482862
386525482
158355084
35736982
359206043
798750560
100543788
382973738
562651028
70118105
279905654
203490882
131697404
918913459
777225744
238543310
624672941
464894682
85251301
86659365
391422027
156893424
549213719
87568596
896888150
137212758
229006069
981554678
365589926
926092173
687288580
858861971
104565870
471483597
681481239
669737629
532370892
183637903
351695018
840200625
113421772
149106490
633359482
229974370
56451813
511651937
157052551
315360890
677848049
74124745
339070446
216483377
87954342
646676101
836977558
272679129
749297723
786767430
305551031
910121768
576708023
120601212
980457141
182908711
759462927
786461242
934093611
841966804
56375777
828171534
414568290
986377367
152137400
836866375
591270323
578269691
19875980
622742901
995233434
724121756
223451482
251445559
26834354
703986017
569060047
576216158
904325860
89350984
620780197
990967011
944245809
400676306
701571431
721920582
648601570
728677695
43546692
182638889
72855806
270968665
782252541
938125842
651381421
721013700
448200305
322343617
8409604
179476334
244931575
595230502
256600063
97113239
561555959
102313051
910730170
404054530
347629648
561986877
681731734
654325479
774653417
174583688
958725376
54016002
193423545
188696736
546828018
310895125
958560143
742382603
277527512
378705378
5163016
231331891
207446966
399009347
323393374
457840511
197991402
132111470
906200531
270558008
481460431
230245377
253514246
798849902
74595172
581815954
773855995
643863130
759809748
442982542
520250762
925591759
290046133
333173121
539380049
909852263
87874762
594569225
42392329
525053357
984461605
81614318
888405072
397581767
118380415
152540340
200225241
86001964
416280916
403359496
107189530
329803480
926965743
251374942
832503984
67701519
256365469
817047525
334883801
426650400
556583178
530156379
163703800
757134790
696862055
372621856
885692770
867535610
353209895
6789777
436663843
504064635
789676958
115730699
96290694
244281524
325862670
753944436
460470206
15224081
128410182
385240266
13201633
889586797
81004951
19895451
49830234
988029189
617614944
209346223
355372153
831386903
538527920
502033757
613303740
385737431
813535038
371689125
760133335
352118038
862694552
341240177
49008535
649954475
542490448
635804489
476333004
31217377
698218346
484569947
808260414
917835686
212853919
97814582
11244271
104976966
729049410
575910920
980153832
704003064
861275494
404189243
163654645
648763300
747990340
949229917
409636044
722150100
942815322
648388467
630458842
601711861
426020990
770990157
249018185
54749222
46574460
609509598
390365329
42238663
895015473
299434019
284911827
144173050
388882177
852690826
513151219
361819922
715261929
513369553
966249264
653418413
470459815
67243319
784743117
403611685
968652914
614565398
741182358
887825498
184908391
827342083
773769204
724034500
293713981
935747924
837100887
291138979
360012759
431556552
256274021
537807182
790360080
333645919
469155142
227750413
805065171
926796062
45808959
250127947
788591013
844828525
443764531
307511946
827494230
23125622
865951896
690831587
426130553
106378017
563197874
774363112
654658548
983173825
663147571
76927551
616006561
864265600
458113144
800930161
768136459
149312429
408289594
571823934
722209955
303056981
723567402
252370084
513488043
25422665
928460898
66419350
803599498
453969171
563300882
145434297
492717523
638283779
812286110
716052405
887327403
420802375
7809668
854283154
972273237
957205466
715112297
596256841
464376770
811531848
793575074
577708206
388850482
463197512
633985429
737618978
105899112
400638900
707675923
122490266
964023163
672303608
290024404
103692454
394708119
969565519
837127273
984472083
449040140
759572884
501244947
424497028
605575946
783028987
422488112
181642787
471941440
518084699
601045770
691682221
987067537
808419960
890701035
250052799
195521480
957945617
802917270
952277227
508485374
650723631
422848317
222058088
820529728
649466096
896887744
805849142
162582711
738797101
158618137
332187139
397922801
682967975
598597984
77267073
350588156
460002721
748143816
868350634
591358120
369771920
665744276
194513510
713187207
973225876
530730087
710110352
360436083
815791014
799424083
915283418
647185617
320126085
977319948
926885343
904327953
581682626
154311466
916181341
11217872
675586294
459414258
934102891
864910323
343422674
906413286
475949819
597939853
315571230
667620880
457831577
955579108
224523572
514667420
270299096
302650732
293165743
972074038
552657502
370512856
438536060
16058476
360808329
410820735
670657865
363637914
253563089
20128279
862354013
967464797
771839875
174241899
148503620
420083016
260332538
942029867
849272030
665095741
608262061
92988748
714789104
549595250
93054302
406256588
918308426
582597511
963147742
92193197
552681170
456148976
765825481
42715856
501698950
614373123
114297696
552776697
711184169
575679333
24716204
377725253
373709878
288707844
849023281
145876730
554473145
105560110
131266509
782942276
246555577
587751282
698182865
442331757
474551501
813688527
530933209
740739163
847789735
800656331
132650317
973979110
966488799
38555103
738644855
631081195
14314634
907410881
293201456
531932740
418859712
510912648
373826028
428655759
922831410
995304508
452858220
79913791
510323892
264542133
866006532
500298214
642008568
504040198
234702772
800195083
636584727
8375790
204203565
109828558
835579907
508933412
710482241
551373062
197203885
455288673
420145249
336789029
340975423
184779772
308477264
732452573
134613898
243352158
727562714
119640446
774069968
503485704
735273190
449435566
818944317
353724710
117007474
545724161
785007809
903124081
392846790
951956558
387425761
767617376
393775387
70556328
68027306
515156959
163688205
701759765
112985556
991636882
725661085
946534653
877932849
430798152
149784061
749841946
499797315
415953957
990439964
378689149
373513867
91023077
781294277
885868274
507620765
769139231
698112350
1718939
145160742
878332599
436894639
226196977
488999950
715341965
141471458
255688492
913405867
178988042
601035804
938525091
682099177
7344074
357843176
806011374
108676843
576617301
266566539
454322169
420175978
580910956
40271036
164316813
817275269
847595288
717296675
870487840
312230549
848219440
249956652
948077030
885975089
279556854
300161350
192844220
269533639
249728252
525906893
796916058
607437553
983024889
454388879
665984760
597598278
901185679
817567111
497494328
629406762
409606705
172965143
578522523
610477665
474905987
620696253
413691697
735004671
2662194
21402037
664314864
335062789
931969705
998622563
950407867
147486788
224845383
839319419
597741141
183711122
431202928
665778926
501073342
412870022
349567001
536434258
311712117
375928451
572790680
235105299
986113134
714722440
260764818
100427463
385235033
818945992
135354443
183716346
897013958
365134609
40577199
244335541
192819801
701914056
941657025
434912835
183243670
304910818
998877498
163173328
807970373
49471689
15779323
674956111
323489704
281729041
246525925
832765963
860622552
675359542
792346942
664514736
861300253
143214220
125726017
168054870
528337478
90159340
52117986
745962746
816257947
138002118
579250353
321462733
140514804
488688421
962387935
700144092
345138616
855722507
464918496
932658916
59386466
497552554
51457586
386064174
740075522
619601660
569910723
777499669
234532171
228007266
682093999
468878277
370195936
340470345
560151619
448694016
945911042
410144078
61311016
813523749
507518347
590992382
370183322
959636203
247389594
867611728
754235435
730248219
702327600
575440869
937372272
551766857
760318954
762786473
117094829
904193683
958698881
275849608
26122253
535733835
416955147
73697269
580742268
390229730
945129323
75427897
239263917
129872548
933569140
926915846
35457626
114731231
1512482
943866830
266470380
833050592
627955918
550162042
419920443
254731784
4298818
83690851
424891995
870558583
172004657
803687292
484221753
756833214
466969676
529125289
777889776
743192252
51447195
153297290
553489895
115130981
944553372
382891820
940223732
282956053
162101469
215319885
352417878
436547251
758708529
974097161
8491157
408886418
770219581
121719390
715193988
833057194
761262996
81922851
485354040
369138327
304208194
443501816
678999640
485835533
510827502
564690112
570901323
551319829
60280228
200514226
704606426
59693168
830349481
656971291
267075276
225987734
423159360
846069564
914434474
87757888
527675627
294285760
264193982
559461586
736666158
55757719
762646458
708627068
104471329
594902495
686910135
460041613
729190929
73285926
741682744
699333010
210141737
891248824
122080250
770518001
900756102
458483077
48222303
872324619
756425385
456714212
872970047
384032310
304545156
580695972
263592248
453066185
20271478
465068388
259302646
684528328
446277924
468054176
239075978
772955981
874338203
38255385
372322174
599755449
610813594
484747227
139962443
911126734
857716869
327925137
672754454
925182416
926479008
679331885
358304293
900823879
486585926
373556543
358458349
484200191
324737763
396320677
228066353
462647721
165447541
865191946
914160387
411332482
133565099
590652731
876991464
754100823
982278736
805354315
640589089
797042091
163234344
137673403
342764126
527372964
610892120
156970633
738579556
893580580
595466460
921167559
983051326
83741073
181737727
712729207
457221736
215079368
703525358
609523909
318934879
841324965
55698381
10385938
271292434
49624010
235341617
971675613
366995092
745824988
101911389
431881970
263091892
774701098
376553390
841259951
364227446
60581998
998742601
485903879
54139895
513715151
527982864
481189005
435916510
692105777
332999308
842723400
890412536
735453347
152090921
973946974
814820034
52934777
913444549
424775832
200981887
699635584
54020261
755238553
286841608
77227735
197279193
81841785
718943826
255090719
367883544
758424717
577094737
980124297
280350196
886212556
525026881
75494937
440034734
603150647
31599860
192908748
317059084
110957862
613594389
472019845
830208935
648552201
625156298
343016296
554288308
526812355
431771236
771511223
935626686
771176371
300205500
878525439
596546249
191740403
537124725
231469141
671021938
763154430
705863182
684631118
443273652
93955184
313677972
133609167
165996956
965588034
176595120
907560488
260514993
223563357
187566216
588374785
720845065
282608829
667943213
324175703
856926036
24710348
163586913
940324096
871656670
966495398
359395741
88021614
359857374
33482681
815550957
958914289
839724898
73004095
627222940
24273682
831905724
773577251
18005046
741418108
730589462
690062081
910403196
646269585
308118700
436146992
448606420
567428065
492586954
789102830
925839454
590858320
53834868
363941919
205195456
331559037
133852139
983749307
698485505
365770747
265404879
381476614
724652575
850895927
751976272
580826779
859350176
764089508
596942289
25487010
144123266
596513210
606284733
339404505
883215405
274151002
451836501
64968231
188608464
819142098
667913063
987608612
988078654
395188971
995388287
840520100
563202420
142494076
286819277
37189771
485621143
58848554
27740785
690435730
607644661
944908805
100431958
33450749
797905286
10250367
148785973
363497457
748330995
700017422
877315344
83233742
629068649
236850248
751281576
414887621
187803330
706812604
506443551
532822947
299975057
689581751
853377000
440347372
742169732
559896569
162386927
463295679
427123081
139326581
628243461
432427384
927278344
745846246
981968248
536742253
765967953
405958300
724250456
261126458
70705684
599857060
87446593
86281175
105639436
266321560
764393847
182114838
791768655
254602913
801596755
542669786
235653439
757596509
550542805
784648629
517756548
102394594
248860959
36530570
414802269
507781896
879743159
470787525
405175590
207209817
200221548
213040497
779868828
12687915
362378243
37295150
582927660
926579482
673572463
86451849
473875700
291713433
396809622
4850604
673806260
932534640
796818952
488359011
501570853
322713169
149389730
298762691
404640592
86121611
355365649
476687839
312424980
891685092
843329632
78946352
596773645
542921765
411494885
99822352
81094840
444702697
73102563
312611270
552183861
641615527
21921287
948583447
872350185
221194129
492063180
751425473
474571990
942006720
876081144
209019807
427176345
571309817
379117763
334740995
384632096
97499998
748511825
333746921
59564210
696732311
406465160
1058321
503428426
648122403
390488376
498841288
584931644
855968715
321893600
53582311
70976655
454374761
971075534
787005477
280855945
542410315
247305342
817398179
458079815
602167784
495021492
691176984
810299566
952337737
423245672
709375101
558599008
782011304
604291221
305828723
167171313
564864017
463731732
289358118
166221847
816070085
322651294
596407391
203105022
626904886
335507348
311578003
565808782
449298995
642874077
503109139
607498484
916443078
39564043
830838241
877662167
294406253
574206606
820908150
390634408
728884770
938875116
358146675
259254528
534825754
482588652
497924879
700328038
333123612
109159608
644091825
284262592
457635660
131325355
873153286
724979828
592467179
179191500
822490298
715199094
701543998
599154571
323718893
223276983
451343957
490137756
250611596
933810656
938915657
242167808
811089162
929207174
142019244
967878322
785248398
295920680
350037375
884903396
682491572
658543970
655659928
586911135
230766922
132702902
140748829
497477107
361957734
607022624
868176917
224743491
363553755
136258571
364767635
765409796
63319101
914010656
645922158
13318095
955283166
109036415
47805392
931980223
130812844
167128382
558608117
252584185
431166183
708300885
823650872
696591452
458909846
482991609
918586120
980447188
974288677
995039580
86050399
418336935
506694566
766740533
864139533
647843421
23350662
335267119
365619522
367530865
50126808
591200742
36235236
34339955
608805767
30973020
14774827
730495466
327129482
978145014
78268513
96808540
781760917
161173850
487869863
371588866
394749050
858608401
256065160
437377968
748315590
850948071
673247190
430287868
108494472
57793912
932189902
460824849
342226802
431071619
357181475
366199266
71295897
467248065
699073466
208305072
634274418
146610383
576942493
237814471
435987199
433140795
564558064
708011316
755281491
566021559
846183224
331279042
123239907
687232146
809943338
898575108
793332246
593038436
159266719
70870961
966030106
242199032
797063689
76224192
780779652
357789607
753109093
787284909
328536661
118252201
496168580
525980019
355418487
27624215
16717805
929440645
368569308
878803833
91495114
365497275
939356780
931523845
427654961
11841275
929447832
793945030
175536440
805230537
342547545
14382329
319027220
590347495
235063896
17278575
522223944
506210479
972123911
207245186
15491280
638855085
264435176
77707366
636584002
179367337
777089953
942636057
185612995
981680917
544753322
6647920
43914050
173338795
623524195
930341854
528998256
889391839
768835144
239077666
203656681
462854916
375160138
954256026
604600301
390162283
599908108
573753942
887626558
340809058
17224593
570372157
565440720
480854191
347399734
251752112
698970943
162490100
230682319
988127916
34450196
396037447
67711807
284484577
432029092
895581552
591285787
892396131
226935065
683942791
369522080
558705598
628393717
841130537
444367895
16032379
615709240
255411016
278737834
492203383
178378896
759561386
512625206
923186753
2841972
286450755
90306865
773937532
884619140
620076116
713633154
247763757
577621504
31807125
523584792
918846588
925602038
709347911
784669983
609393162
779409576
210438376
511543436
905821300
666098275
143083565
434410564
245312485
365587907
147562296
345321053
704233911
63196468
667587166
811209067
62235738
236546374
540093455
445905028
387477419
199666325
125510148
647539906
520205290
487524164
493041794
602522168
990964219
566960636
411458574
574332033
483077515
109541549
653379393
235718160
728881428
152327762
788040181
421119205
427828220
44649303
519629804
945074666
815866761
62333216
898350878
544336704
570522265
727985178
201532128
835226144
967128137
710654711
968620997
714010308
746057966
52239532
310559916
337665955
783009174
671579488
423536972
751549736
408456457
259913130
614254309
247825312
117831629
927448703
52929948
307823103
253111359
974859392
819718067
105305517
738028076
427243557
631860709
996070430
357010368
294211777
161904729
407933301
287480075
642166980
791704750
731472840
184175128
243162170
453995820
110087991
886586246
730203836
710646165
502823524
812519070
419089098
655460334
79441707
492324902
823752580
187488484
775623988
577713400
166790358
536732993
353260724
378109063
716038906
414033004
402243093
807145439
392609086
418949640
469303814
954260330
824807022
417188890
294135267
268233478
886051662
846879744
817121336
254634889
328518728
330199859
52483157
564185208
594112855
598990810
345255339
381088654
597362675
501409663
261907875
946367716
728398626
457264449
392983278
283513197
899264933
435428595
379329177
819252230
152872207
734915920
372854749
772036039
635812098
99566540
36690509
11593433
936379364
64163335
812053497
66976156
470233028
705034972
315836427
936182538
232066496
664724823
860028307
982253809
138675763
785717424
727050017
23757007
780267021
885466833
646648275
20200012
271842091
537454462
847457114
592534017
430881536
819983199
400652915
446866458
773893466
907071965
313585153
264879420
364418293
568565893
263186310
637904324
103473470
702004503
481341391
198356951
448510147
497114082
816732948
826242848
743382665
340636880
602979417
772692403
868204001
284155043
803917487
410049360
619161481
894240526
284196598
883367635
129590530
930794898
872521714
364418463
538497012
182942544
500559826
901213194
495616915
640222002
928653149
214272834
451961895
411654382
164967728
338679654
93279119
757361093
793920626
211803698
338379297
906994750
572394669
237738703
65177902
275799326
969648432
849580177
554455729
432271004
6686059
172369672
311198308
136206005
161249227
893465259
815516175
530679405
613522673
993581773
326840455
785262936
77049492
191974864
352150112
88801399
841458723
616055142
377359074
849327025
807907578
951822389
36351421
314384888
851766544
31135644
115669781
840025503
146461573
336169165
458058242
859128387
287321575
439298167
996269783
974314568
247126349
431929407
300095879
36203534
926429197
743058063
740490870
260638105
379395969
792266476
604862538
63558230
30108845
235735133
111779724
652209437
261253821
765852548
740817406
680011375
943494322
770806508
289225481
287682531
781779990
440121218
131885021
524831979
276718373
915931062
146719056
772974175
513680292
653776009
286413017
644717102
134293707
284949064
244012115
291713402
49142473
973188912
950798186
68972810
765034361
261750405
867021905
82448451
222958262
63368606
968297266
960770417
230609000
747577579
793160189
158365061
412115814
216849494
964722392
130599515
403560381
376065687
116421645
668377060
659095534
276294518
247960960
299149161
687414545
592974758
855031311
435042963
871715402
560609678
5803901
69374605
726304392
484744932
718127295
385965512
790799790
708267606
491402116
318584897
943459328
129279371
56635819
140884006
465344295
348706286
919879205
99660825
182107788
545618975
793338910
38830973
649156224
552618449
70740275
78512809
696133071
460627786
144376252
409398216
741069807
412742947
628495319
193963378
792079096
358826540
794455073
742125368
276721236
239303594
144346857
689091101
657369979
419159743
828373164
82447013
937737561
883677990
448495723
676358144
290676922
751005921
356799327
172849355
482490982
665129261
102244774
547483330
100161598
240656783
137199426
546728971
102983934
956899861
569434125
655034825
701776992
387832086
72521788
368048601
742178698
496441221
493086805
25054612
927897542
311927002
917037010
267071692
151202981
303635821
9961473
629628385
322851172
783500554
823235022
863757542
707979964
222893498
653640652
985311698
66384944
922850127
227467194
587523562
281833330
952193500
991931982
64214284
209602324
172649696
444810772
43356117
991307473
461631525
231757660
588405126
700069720
538919112
111064220
53318324
556595794
41947301
78592513
999718858
579265093
484846269
345661880
425385107
801215102
805574695
229804282
537859671
155878116
249487345
428263264
323096290
593538730
589677347
837989631
179507206
604449213
306059797
404898925
855330900
196379833
609241941
885513575
610087425
239276577
254591143
998732628
321997338
135855038
843112070
237292975
736573514
853877028
476825414
511402593
595527932
260959546
850068580
799159881
603632364
731876435
458262902
126846865
595095817
348367382
491223406
200698598
962255759
203898331
778164651
402156804
321420440
39438590
647256911
623284489
169996569
776344899
682528983
655031230
898882591
927468053
988514565
243733406
274953329
557529794
837529207
777839705
870865386
709764444
723397589
195938604
624662368
112314964
36258625
704177235
756217442
305260518
648947281
810055033
273726807
154949267
115832869
617372995
952585601
439424607
970874913
760927826
215524638
870559170
654991403
4870039
115560189
34718848
95377012
574628796
507544481
716752506
971251880
189054279
920878692
220869534
711489701
788601192
232421042
378498408
316986824
925439570
970034662
36977138
895860728
839179875
196209043
324395998
712338029
708095400
304103877
696613056
565944826
707238040
267350377
632642406
194866410
169352517
374312053
529262767
994255666
317423762
157368825
420622677
445268429
446423999
662438185
121029834
275325716
490010826
280792732
299440037
915085839
55835500
396227047
705894072
556536429
578265236
197164080
496336921
546600298
616518794
751317989
990573268
234614907
977472320
68956349
396015001
531211432
262208329
541297514
295922864
957467322
52336675
702664450
434727597
337939347
441251733
394604692
827043290
560590841
292039921
45142962
414468312
722342111
383798409
406709238
589522805
389123161
827363123
913889765
872946513
194714556
196598393
521069447
805843227
800384714
636786949
745642140
15808351
79526259
849274675
360115024
551185216
752313166
33207202
60006002
514210259
4972965
2699463
445509015
605881235
171441790
467423151
549586267
988510025
776692036
469598118
956049346
472741862
397179657
864410526
125893658
112498582
309466018
473632873
293919893
893505089
283907745
532125459
247625175
482870379
839545968
706701549
863358524
616204666
331405557
267140323
322899160
37105413
878059726
915192637
816729618
149449799
118367679
201962400
314683990
226237325
455464890
241741284
714110198
896739741
974685765
341981666