4377
741198367
298216702
621500392
672698186
573574962
944152238
627979776
292224936
174858577
378119148
149491569
169923798
632048996
656316812
263130315
366910917
892680309
424464211
859248904
255878548
22686253
598173763
710288538
64927865
621631050
816499173
311336858
165245164
867367666
553666397
570439202
166976464
344779850
756308240
979193184
596033985
196361194
658233092
225333443
349075183
41323887
909060749
265239070
735737289
745078023
767340620
347034169
5122378
267019940
29575200
233539427
769749417
392877037
309169922
620207116
926210246
257582664
821084700
479982413
735429700
265314434
920279814
501807536
643105078
318600169
100286248
319062681
559340551
657796541
848906715
421862832
853943937
332740420
843428610
499944193
417211269
77137655
976487660
238484635
544924247
86088513
297908377
970361843
878764884
297782696
165320576
35721614
981327593
404623331
373444901
734806378
877200161
315970047
643614325
518623487
331982169
390618033
950919512
783972601
377980202
914311828
526813433
371918142
21129096
902594229
652530755
202270260
529551157
707824543
934996745
293705999
562564037
801710699
722459530
708735812
264372112
812426743
463684383
618937736
184431465
542079715
701916397
523989792
216071993
931530613
737553058
345739456
272220150
990847339
273294256
931172401
153204817
858066971
157599522
900142174
620244274
259307272
904564070
476152438
115060119
554970693
504621154
125778656
826254822
686066874
980656633
538350697
938872617
515371213
484664256
159768313
762646886
107716352
951266119
4642448
54975722
536900841
750484623
326942303
57466511
180892551
69976744
208802404
314656370
409570158
68845898
154049967
702568288
937540468
991345945
63046335
151382623
246434961
265177186
36286841
684777149
627517790
831150973
952045644
384015814
858244432
577753493
803755282
313235485
700273103
322891048
589803498
325690844
961475215
764043550
158559407
52435819
925272082
545931756
287221330
913921587
273003438
61121490
448029146
481607272
816145028
536062374
394093679
538778321
103940433
947447097
703725000
747579364
810910611
794217727
319388275
511279379
617043395
561460071
46076729
491349800
959818934
291499255
769952784
570332443
602067912
344477021
434215942
778307226
264874999
858108437
533220426
766332274
906828258
238297714
373565768
979136587
950159237
527762054
119367489
833103431
116761198
715831818
330735695
65063687
193507819
639275589
344534109
992909263
302898822
890287787
437837674
649188798
991006586
712948050
374023018
426397150
393333824
409757044
171051835
781618589
190107314
237948040
782505714
881750667
901775921
140756104
879159034
46662071
203073916
537413799
810691514
924466372
907336765
578862029
376690882
357177922
676718912
989966053
463829270
640105389
233263257
788047418
202716918
193331527
303567384
454255499
273960687
311537391
223333266
399375221
764662445
577319768
531642876
109358116
994018684
663316348
51534442
981266637
221571813
161748022
547261692
147595722
828244487
279058341
719000793
840962544
49430562
551273448
765125781
221276599
534418102
77026137
642054359
21929614
946070321
604855280
835567581
565913918
475093430
706885687
322799412
649030012
953317128
96944415
405050193
917348388
427774808
866116164
691649561
711020009
237715369
650862823
967859345
262195777
596869631
933727595
470872012
938269839
49579730
993379187
16144847
367896888
917919028
296395219
40715000
30996615
722677237
668558108
189925761
677261456
959808009
593850916
882523605
286807294
104063476
489585936
857259758
993899738
919656762
968679080
771186131
997655345
922496505
868949512
178181245
213449909
529618871
655507599
165515422
684777583
800204106
480097478
826793028
82360660
300811078
14814603
570342102
549691513
358370802
836897256
662504824
251733996
291611177
913241074
159760691
32346010
71413805
553043357
589657969
959790262
627650118
949330950
937723662
642984390
571941468
861982253
801018565
410806913
34970343
44024646
582873023
144355398
425052677
748117266
384698222
635059440
21703906
611036862
206805194
623596127
392144918
511698116
717572393
743012581
648682556
620891161
456076305
304385663
13688515
760129596
374911865
1849512
586313340
739212111
409763561
472934598
700843134
719736873
645386813
166209622
608227531
837167109
432293532
37880077
930725705
782125021
145413277
563287861
43629203
202012541
413735290
149959557
160702939
901718325
121348618
634638410
673239738
708707159
917923418
483654473
185812059
204673919
994672241
184064641
766321182
148604193
683175025
732158859
515617103
304094957
167380251
391617691
538443135
959905226
394255025
26908151
214250301
263304653
714910059
802883327
940007931
963202212
31361862
240688515
21121406
629515711
340359934
950545038
268825759
200931507
214690303
201519404
776598827
11476675
945931072
3337546
204590471
791534843
300317394
90568638
536424354
474370534
377757575
249226203
857272418
37801542
306366480
15277678
541852849
504602959
375928262
680497531
119711600
81818330
841588521
285473328
245392122
730352088
27280438
199999854
582330643
774605796
295029462
893388647
737134763
303110397
867557502
134464166
613506384
368566226
178837592
497296387
616803020
965258454
863235266
325238939
720964903
611041642
684039131
74758663
42430071
676052832
931881521
523368675
35585544
530801537
671418900
727357389
70482132
205550922
474631232
844398054
995017762
391165719
436869671
543949376
945716698
566912921
514223047
52798820
606149733
81839232
589473948
339238195
513613532
843029607
598162217
949519602
580856236
161574584
581335562
207405765
487076921
372703478
741690386
493550589
70116890
271697303
510279467
447533913
220583006
690671796
370565091
485320155
45224632
835374051
714979034
966949115
930764757
820048016
999580442
621705631
111075307
569507069
562713433
778516862
346777624
147521451
144285174
782264854
304119407
652867926
77342100
989838346
711536921
911757149
847722708
982837723
685513951
127825826
79432523
476042029
21797450
9750856
768991224
54624129
322324566
878068714
616023811
92123169
891607820
419913737
384193259
801866516
302962732
161926690
945614361
737778934
569813860
958982269
702143933
598501608
433139628
745681418
407606306
501771151
83685935
121293236
992665990
158751862
899973542
700552462
436626189
674560210
336653758
613349129
429728574
777885741
210708356
156625962
789556032
55748769
952285313
248835578
565804076
32545435
476906960
601252497
437141922
908704862
923540594
529134258
549509605
59232758
77544685
714401701
795045221
562145815
83131641
30402281
553373359
817619954
208346706
259331043
395587351
453793457
924213432
992775398
738704144
137442240
824633635
417426450
605655245
21599226
256281133
768858823
150726077
534105821
728432179
563309791
33753157
412616177
406471168
689404419
962904295
155923256
72333616
991929871
230550931
496735603
566229534
915713677
288830639
460704208
423509190
63444766
800409299
647981258
206940828
942317565
479475192
504813349
829055482
979116719
438082057
8839848
973324125
985936734
56154790
792961698
626153273
166196657
249350621
370360927
123029148
753073993
799966742
408323265
5581840
258627866
786272074
895334949
725221903
295369361
641649182
935594811
557993022
77364225
682101894
405621879
683363746
291335369
976218887
258529020
714864173
337242776
766447096
423363935
394699085
6612093
870538718
682354388
636775181
92943102
628172579
116788578
93728466
755410393
398845857
50025788
444389078
977645174
152011641
668827034
800328281
325376282
86460752
58658127
85126264
560635799
379773702
687520800
658828748
816325321
762397983
128974343
649710158
878620394
223887510
815741398
254304193
688193816
906228928
629686265
372650247
331221073
71550287
685251772
107995280
913501887
887810045
83519629
6306076
635443004
466525112
251601799
861890756
391626848
903356614
711332635
230644754
555121402
967445912
464877754
986626730
523925893
758649702
915186680
673493690
682673470
453506334
105578891
419124242
34518793
574705814
292107004
624978827
947279066
796802466
42941462
402386381
640176614
85942585
312167539
531121979
495720828
294285656
936523824
713602403
499957257
846207976
90301699
164185204
142683208
318199545
743065707
394953634
846451028
904184384
877344861
847829741
994157897
40412329
286500301
489687489
140730696
67514502
402367005
22721642
284064888
739502368
980651296
865617668
958622239
11151917
86485183
936821994
879210158
531440670
585636141
101549079
737109402
225483731
137000870
595078771
997479804
559792921
268495337
411814891
358334889
287930200
205632535
533661847
655628683
195177476
41638248
18536450
192125800
634054710
993901566
18054357
646873391
899897617
84797517
365704080
507501340
808362480
914195304
353901235
81477667
721839996
375283566
281156908
991908017
91138496
992445263
941397899
476273429
721627716
657706133
217349225
654793738
416334035
994333987
489764333
759201666
953281261
934753519
70526659
331354006
949963455
774485881
912815233
992821770
451882320
987347454
145061144
967657436
813224093
817105291
95791145
476467119
74219832
651379894
357570063
429223098
697299487
259050621
942934683
8291922
365794955
255144863
419419176
4162485
384779302
906689351
443659674
746225743
80303587
848840613
491140445
926458296
89376256
332584323
363663653
411578741
239776043
97579958
186373000
441055670
387450058
929620132
640924757
968443198
71665665
313483725
96989963
415012593
625662024
439902182
675592766
143723271
256128221
744742804
113550189
124811196
408343227
652361888
819576132
111860597
86113857
710392528
16162040
737401250
403994726
555387145
663238186
790364349
992766351
903449043
485875327
108927531
760610850
957460001
103741706
822959251
856360630
850110937
884403639
525824820
901148240
759443346
205946068
956592146
593613943
778995056
799985203
170355642
918935274
454350002
617804339
664185837
327966201
97395938
618464130
185823352
730326593
488684581
917695066
926781092
91172339
201904664
416157624
918731030
382575196
90451081
364829923
371523634
810960087
550942333
607397726
260555391
571064598
602284125
219472312
657370148
181613124
982819533
435412945
226665872
302780924
806126603
743024935
909202649
872154527
188944943
26399248
983866325
662995139
496910081
789409770
436506216
214322653
650676352
723073401
717980124
203394428
69587437
309849851
441244905
923577985
322138305
675284832
576419573
251433871
406848009
134525737
259725351
217094003
622476123
127669495
442463227
177334427
239299551
343082334
775894298
159223848
128723154
128782928
976133676
415585162
219394140
379609035
367965429
715130445
117131432
706274828
237670508
42137542
805204900
449854173
550130223
634629024
415937868
289583466
152667762
78781248
497628916
520528935
918684595
701474557
736552477
905057049
165810598
286380174
393120420
496673179
219885017
299994394
458688346
734632899
168901090
526750850
996424377
657824218
19465646
20067959
842173897
753688417
525984992
915495402
924529615
89731731
23781232
821090457
336574066
461720628
368129335
934145077
735360684
782111033
464890854
57460690
312003345
14463723
204622056
988229611
2535475
604383309
355256955
822107412
414177926
202101375
474931052
436398634
58129975
967326085
566091078
502783520
90829611
281768513
123733256
498051927
566520822
833640564
745620097
505708147
488208953
957863105
113876241
970934182
431141470
261520685
312257506
861361619
632892482
808185679
907496885
525725593
429583752
720718362
32614597
952301400
959067360
847493290
245272264
980264055
948807137
998757762
547095321
916838123
544145290
251906500
332011508
874859473
684478856
646356894
927855495
665837597
839494486
188342761
172613363
648600677
268715244
246284733
166258566
192013676
525433981
28057141
484597105
54451857
554727908
407750026
958488693
151306681
501239766
761885910
407177580
275016059
107333994
510110650
710486137
804391723
11342190
526709451
763805795
310718291
257399859
561519268
414688003
341682207
171296891
242886518
545218954
389973621
727040871
301973847
82779283
195054817
579437310
981122154
752815336
954861716
795760709
818379171
684892306
876318858
628368538
843000388
450939967
793431901
883657209
979266779
403690065
696815621
377495881
344655500
975561422
399181952
964080988
280703990
365927712
336973641
604518723
150782123
251407554
847388871
251334224
37461356
62749536
975243135
619578807
285545357
343110198
800841581
247453262
695650764
358239697
48999513
261977424
17312074
600394092
978339229
902117508
896172474
625452570
360937959
552000905
348854570
921026890
547813395
762985673
627247098
21929593
717639003
300317018
414317418
652536157
72815037
420642433
89457905
983065693
260460008
217250482
941883497
728075484
379552916
864876216
75287001
338485661
25513277
537821702
367449367
223196160
257683545
640285412
574340133
311904953
992703263
123067912
504393478
318909041
110500116
265330385
664546952
771071736
304289100
764922769
705628556
520328145
209713513
137083064
674435750
255159296
65551132
896061032
875490894
208832476
393136945
164981990
142955345
943725769
352307836
853972318
970696810
3978940
354127862
152354027
172093952
370349261
68048180
418073765
235021742
441841318
675389732
854082408
193350263
609012343
624641291
927249148
464443031
13467346
2617678
391694359
555149082
87873624
727150398
393837458
839253420
960082041
652871829
751282041
286452852
439912386
885090362
185935525
687086621
395988065
577561328
846652838
846101141
411370239
411139990
901776806
698580990
301140235
297502384
937648054
23985615
345313529
178896731
141222612
347923508
39508259
802361651
966833473
669016132
815244921
650630081
302422888
972827392
136203316
93499260
316180314
12594086
747487735
819965363
88413237
470525546
425524111
555570615
360074857
398734922
223332697
809503996
95356661
45335756
905233699
646658939
299851553
945711481
831532166
597206322
51345795
490444169
979189523
313979274
24454154
659807063
752339688
626580855
841521335
283670871
753648708
913675811
186438101
471721439
126232989
192791735
360794331
711419042
560960592
631259004
79473936
534536785
870789069
300651279
93819697
761498718
756357206
354322905
821708300
29788678
980482653
450306177
909841326
510682183
501185924
854834234
752755624
860664017
496769711
465981859
357115094
155372934
14146779
440742376
127489642
714966754
844082874
42835103
118406771
192641923
805308384
38941522
738820294
525601889
866597055
195593761
853796129
643512885
635038934
170958426
707947387
458551358
193013575
291789866
191022062
736672040
695419701
324130509
53713157
99002082
429163293
924992778
178422896
515946909
700891713
144841996
899974433
855260507
889187388
28461537
711445330
177395493
189988890
947910533
79814776
189915506
850137055
549719922
864992250
608144537
808891932
35877083
575830265
234761236
668363559
969726595
946957263
482147194
391015412
238064163
181019368
341945467
313566464
90996771
120013089
115104701
780825929
844050756
789832136
816161284
288931459
157238372
128692997
49098415
501699415
733062123
73288224
635550692
49205539
615047200
791047406
83028874
504631391
228879230
432619519
947303507
555374906
495970598
415031970
318498439
407420858
903708756
597242337
642310107
22405381
644542559
859825012
289115536
780301782
436499046
248056321
665207639
173519094
79099491
551900168
35665345
152189795
440180371
997765816
710406195
277415402
842394835
298398425
518111811
936726081
161317424
202397715
348331072
203989683
661842802
759618616
192716629
883510515
84046138
997111327
362146355
772514637
460434815
833962640
865568820
546287441
895768231
810728380
857431334
43635966
606645936
999447298
181887536
669677322
655892769
461472704
529717476
274384426
52085132
372635110
270082936
926290194
190107303
971813452
300467221
672897221
826937672
640199855
392362513
272472031
144397583
395967451
665604822
464187404
818324899
888559076
445525569
300118151
787228124
955852770
889363178
716668854
812217911
397577782
686466873
980522323
484960676
854163758
867464667
200913357
345014285
149416459
655107322
901930503
47159563
196696921
47225561
171381049
548354862
861438545
349050469
590975518
220755470
835439763
682123234
567429311
418581865
455338794
183673984
779449037
865004611
541521300
549599526
996287948
861949063
251528218
915866523
62820046
863260789
576649360
539434432
163029711
313901461
466498951
140145047
893112383
255875664
67284657
620281684
531373212
373251873
534996629
769912836
629252373
789433593
628563819
833846837
517725727
709038620
361727389
909542923
444718251
892426897
253758902
782382573
470379181
600392649
380867768
658827152
310974943
981426584
755395322
963420577
430513843
806498844
250565886
549592271
977814726
197009749
863404426
296670613
449027550
394989159
256440998
537359721
817817336
646559271
255696935
676700182
570972022
106165874
237061701
111810804
434279625
15986629
305238591
880441640
203348994
20602287
521840028
995915013
569150635
47537194
632273976
746623934
147818316
820143533
759840890
583648638
730900097
889349125
288063203
150126831
144594613
624813594
824478630
148982301
36638681
105851406
795403316
881742887
179225551
941711262
104772784
58725214
802155821
589207260
968851772
950437474
563346875
485674147
481193604
695670143
622936578
166616691
92785624
428142183
327332890
391250315
149502549
586282168
8368125
233289223
985308583
927077320
370645658
730661374
115626664
30150006
48681360
42453067
501382570
405968952
375956600
440200088
362362285
902884959
286810468
962717370
412188569
658035955
852345988
910832870
515123504
662110865
70214469
126181912
528498723
830732719
38148942
640214401
960102664
341832296
264189138
926047893
986662272
869873728
644491271
341721552
335932269
359618878
901551086
123100527
862581639
764255374
23890712
674196209
630018408
704423920
945589026
160474214
982165006
920840263
778091637
882083798
442953434
211791365
773979150
593986071
803034749
892200076
926115584
507675047
115580623
909667790
671536371
266351004
751678938
613409211
455100420
494949872
763672957
778490636
287497226
412268662
210319613
92113182
166926631
375530769
858426970
927031920
40314987
628755101
200410198
623596037
237892509
195321952
543654624
904699549
952674779
288166294
486431849
18456136
149847743
584222364
583598768
885687264
603967945
180562236
929690806
675633642
844743350
403724528
706204721
68189386
694751720
161198898
772267059
330893694
894613663
184469622
859770127
494280702
49521460
983742420
171226220
493030603
453958342
393102705
406945721
532327246
838757399
335880932
105181770
417948351
7521457
695900790
629111753
267975724
981684343
139836660
155702490
624687547
158839260
62515337
584840523
815040230
335091112
124700279
789306417
36917128
402257778
271424942
506456660
363944207
684134659
335990941
842868402
868260640
869158625
355148426
641648103
620597114
808936662
531610246
314846283
897001601
129315235
148524301
173855075
884795997
414316807
682284109
893288889
67074945
615139202
220762212
204130455
692123456
631986588
377258593
839363007
775606737
285752854
414358833
902904214
69784810
548531788
164471716
986170285
610533734
935486012
207737350
976622663
496689634
988277337
269427035
449885046
836866902
804631345
331000238
63051252
709605265
857914473
799446642
174114936
794916713
842929547
399960117
527795885
856595847
217908650
443988897
705634723
273854745
233349857
605135465
481576073
657752491
251272814
905667998
433395912
212124695
63138441
504831168
833156696
240917322
328024328
17140895
983928484
324351538
533901533
705725266
913225950
553118328
772389484
172629683
271103638
310352324
868652865
597153529
671935721
354310597
52664788
176868900
725003867
463669845
128219842
892037632
614177337
578299862
716937367
71509305
871556137
709135427
361198149
521740717
80206622
314968938
516356035
655190148
475473309
123304757
964622572
172611022
29396600
86039849
827882013
600446933
754504102
638977437
869217432
543611993
465145695
523439344
387270549
284336336
355464919
951991472
196804632
520599157
614235014
162425673
476487552
208652639
906346298
716484756
794057584
411402308
524206691
479522359
303442992
220878052
82226144
125113924
763551571
667245102
82441444
349398935
485740689
976246237
636552036
394579557
17256385
540936997
308126376
652753807
997445373
548607049
630752676
383979255
73822476
169971807
606960608
982901779
562976664
58527293
741884338
190167634
167905033
984128445
697585080
800486687
907609238
7318795
6540051
253171886
399580300
668359513
557041385
203259776
762046951
310325595
186927514
731764534
474311628
641269503
602773267
985935686
574993710
227345935
294076499
88626249
468282100
131827686
131544935
761557727
387493717
172629376
755621043
530391300
915084662
80097976
395907366
395529722
182321804
392869543
666102371
218648107
913761688
845294554
670933046
141187260
995322475
324665722
3420432
705244856
13331926
510557455
220129959
356628756
497294406
766776880
832469014
597504441
68742097
971383930
98870596
366933081
488845569
127610677
79914184
780922835
953657481
377254835
570382038
754463246
508118399
882628646
973683807
908371263
984823628
781377952
958689828
622491956
934475088
119323970
587512817
364188114
639720229
43570484
686284969
342891789
500951927
168653474
833112434
236512210
786572687
532310164
966177166
783828712
755817166
683079803
495027937
352636089
180449784
618011288
957725680
969760849
992960274
512712332
496621109
207487963
416154655
415687954
143841678
328778608
532238849
781125177
452540885
465340947
42058209
973496363
735904207
920059958
226278518
549715785
986919586
261478400
847244211
747575297
979625576
856925767
764399581
692618279
355250118
879734112
887767911
297451006
540245791
683518497
634244576
996776390
443475716
692820567
766484047
778720635
901863511
111824817
951522957
376813208
320654398
714277322
212597836
344819099
895005353
873216349
836381409
197590773
763284742
537113854
984423103
1089366
715744171
559113232
604548376
26893517
603700774
261475423
376523374
216946606
584758653
209120821
617437757
828179346
753457723
513435272
78832625
617860319
331118125
798529779
50934403
472906520
578505213
797335766
762282992
297381035
430483862
251752281
49429796
597556721
957910354
362800178
78061261
453836992
881533005
459236589
395785544
22979906
625183917
162145194
424489953
991352349
639489157
653894954
708178983
253803558
297089196
893454674
35446837
647522281
844755177
465067660
770470643
574586033
725006070
382196180
900547355
600614455
130701309
213058876
870829446
147815438
255208062
525714568
345768477
832226947
836606875
274123723
369200092
920106218
420115800
427780805
751579757
107910950
625220887
471457578
265752972
642390520
664725228
65480519
71865739
588112647
940838384
666962209
97574274
926350156
192363766
942784193
440304832
700289343
292727481
517303613
982048628
362932914
182957605
825911920
745197068
354752935
168029753
49035341
444269889
400683796
724937498
581528012
560003973
946354512
255524621
556813877
622335968
164014731
930733716
586392468
463580989
288818938
319342394
847820312
549951294
168387971
563244496
388708353
564872674
61604585
726961735
213890527
226952977
176607058
486134095
57504990
752590134
124005880
78256936
860417089
889597724
875238779
796026485
231917209
7288507
613857460
436925085
895486895
8554803
908986515
822295455
146216199
365005674
570154067
327404382
339721839
50786569
882143411
265584555
314619770
846833875
559413805
454139518
919718271
766846973
440770598
460941227
696555585
367937306
533217809
255518965
201871652
216109818
670877903
720035490
513434893
383908127
491242890
530582026
915450762
999303840
938220859
445923495
141335502
92492722
486619184
285481816
53115516
46674143
477587835
10030738
33540344
365366786
399821538
829548522
762434779
505154267
35887042
746141991
943365305
870088524
484706347
864031454
819070974
621067381
139371302
226149974
195496126
19679153
812419822
324280291
857551891
388483488
853553879
779750946
298412142
430282972
740138706
826641036
46265101
273272267
856612574
499843102
935576330
421166812
708528061
287469369
395440031
272542010
426180312
372654714
228183684
696111667
793968817
931476173
535667354
609780249
236770602
274390776
96572486
582980472
955373023
608354228
362477698
913818649
408102516
873249076
176021505
936028717
878129514
39491988
379185399
939439445
430124319
4631616
463357313
35518223
965072184
265169475
389578133
772318365
682270788
660592089
33358554
747577482
870810708
441209620
388172815
686983302
932277655
505465021
784089574
740287166
791035868
755424374
942714324
976301396
229189034
452138838
526757993
909987452
19643887
2463407
982530584
318047352
894676497
137118765
431904461
361304968
975098633
735282328
259212643
330714976
561270159
717606865
353493518
478775960
876157967
654317825
78574237
824210921
443959171
64171850
475913211
987307268
332744608
530705057
671945236
221216104
878429060
820241383
232944948
13847982
766680668
574575705
890932776
758580282
948373277
874003715
159958307
946490967
38654999
366651341
414364729
23341997
571119419
788884774
123229779
679453699
768164745
827505339
559847342
317471796
737357958
25421762
199716167
577279913
351350533
409931575
63268122
420279771
323262272
933896495
914599005
668622615
129024441
384059196
155336819
144274943
406875603
696989672
437670833
74894250
168381793
82267897
803946585
470305180
842091670
565581305
404502448
240517255
761032209
455952268
634903493
498123706
629693551
49524220
793895850
501103406
911463109
466908739
679039256
307165935
342250121
173125475
622465596
458458952
342195806
864691047
966820927
842388132
314601897
279527172
259396886
602627886
911843282
803107676
460708716
774033873
457344720
989496585
418101446
610991436
78825608
922395479
182342100
438951983
680508019
576953974
467061956
546399976
33850879
228901553
626519626
997267014
680978170
118040863
676290210
618584056
670162382
788439921
572677545
36673437
851724582
148571668
825442082
977929707
498771580
997766040
212433722
360543869
281260663
22567337
215151953
98225544
813549374
905185944
252154570
383637949
258966596
122619689
865300056
303738105
785133604
720054262
319893242
103266637
559268870
709200663
799627700
975896505
237048152
332159820
466956031
456811542
939001337
519520184
804822832
625236709
773974771
58638794
78788601
117856598
288419251
24393936
570532889
151911750
926186363
948434703
14488493
604260728
74293363
335773048
84065263
680944056
910080848
805133527
421027324
47161242
656565840
335727649
898285063
231290719
107033897
628085807
434506040
704464536
993917877
563886486
172420429
368468209
319869371
253867891
689809098
157530695
317640039
849176884
315166780
715308364
822153675
680634715
887533736
208298487
576793535
782513241
228534043
822253873
915386607
769772019
657662938
226361796
149476889
124493356
507583660
744859389
744527384
657423287
399288468
599685077
327554913
99429984
412597584
553201142
638633675
911296356
877799795
545741726
132987080
768411277
490734197
648726685
722358919
524581082
624648119
627383974
863061781
624958221
861487655
712358824
365849133
259977723
146112659
214385605
337676756
98611922
21931491
690778839
274569799
441703112
73904428
846982291
426761121
985309311
566480028
471323558
192782406
901331131
97357986
229264852
636567549
866006606
274868777
190443014
13432402
377132609
8392152
130172072
515122552
552357341
438031535
450698507
979481270
646704791
740842497
199253420
2462622
193069459
461590850
744301899
451730215
971325351
928953211
781475520
41946405
142801438
520213928
464050428
37498553
816158582
224867619
279634390
93316619
692950965
557110749
470072825
965600024
275343438
800779988
479513148
552007035
453359907
44800756
22337292
530757552
606587893
847597357
488945281
771633525
170469683
23853361
564711223
960714579
88229628
245117883
640902441
900820159
607287718
631042920
180845975
42869086
227798671
858238439
522279403
865626613
750066582
258953315
153070402
170567408
899240842
550889439
483175048
480457254
946345707
346778922
756018424
924324563
310819498
878774498
89984359
54438841
133961814
489691363
885922992
658936987
558336141
895562303
457734698
636939450
354436443
166420679
106516146
638174823
960163728
942394723
723866600
839188372
377906851
543065481
207283081
50674906
21042096
991755886
546878685
742750899
850400171
106785871
208993950
821662393
373910656
150718613
73576031
277097679
109372553
745812798
754025729
720961339
526609823
534421354
172942603
641417657
285114841
256617675
810834100
709703989
309025917
932590970
581492273
655119743
614865571
438805144
598090814
301173121
831844697
253840228
233369670
908701078
351415581
374986574
465867616
832258647
844486266
22514772
221001239
180829701
921488874
668331425
108886153
421451200
534825232
318934930
883351176
240166958
195318412
830919237
633130998
24261037
235330420
858355187
635915175
869748143
817212988
426364806
788030426
961484182
398953883
835140764
328670957
827288940
454808974
986043716
754127602
163712973
116510492
675124569
467322943
393294455
210025717
887210938
593423083
872191939
524898042
882503569
466340197
767692090
415616522
771642010
434056372
921726726
399594244
659924636
215766695
179991032
997434326
679721169
120779156
885455528
677977994
183275535
194088482
653026751
482375399
612401993
248163631
831462958
518405451
454983407
251850780
474166135
932364325
509443312
647240506
807484838
903861624
657084838
770900486
492004766
354458606
458683791
921922978
104886232
927736698
711906809
38705031
605454041
87918925
128566420
465562212
954003145
820012414
174619131
488900799
916565488
811664729
417944866
566466596
307284210
904865879
697816612
149602607
113570889
781353158
379993253
210555221
91169508
914045295
41998220
945022029
920372410
841546833
257532245
405809994
536607564
692675492
784915080
101205636
371760556
782174952
279231211
362722203
169296940
439207005
377662910
453996388
249141948
877937587
743835942
524286848
877850389
850489719
999796066
240611508
692118008
874258279
322913731
465672747
503830382
823764509
232504468
315061074
501083575
618506894
806822275
550438852
555997660
783893437
863572026
495709804
272565121
938815724
64438651
795024517
320604486
174001163
783826714
206962008
965354406
828848566
386304705
221718014
712929517
480997063
658938251
68904216
219216673
493365776
14592873
762690444
855827550
922229029
670045564
292127233
947328881
616112907
564381327
767885470
647348205
805519495
19719054
279875222
458955717
343200938
695053109
830628807
600492603
370143892
32944562
219056232
180524514
548194327
91040317
28446800
574972882
275310395
952540171
256945041
896505203
455921499
539500836
27566933
762249888
372060004
931246881
245381599
766390127
521949558
186318127
381012460
666509835
564741478
236967808
366768963
971428168
365022643
398533107
538481264
502888560
9842211
184058413
233878091
93291421
987389540
868607351
982146354
937081399
96258377
528430778
993387629
48790572
963620260
674572616
58306608
757273392
177303166
359762253
518680374
558589422
533726422
377688348
411742813
435531490
776858688
240803235
163318215
475671844
896279807
620931044
567449386
914661893
293276030
361744774
127267745
442189431
581750377
237046724
812738492
881020467
185558162
940549777
214930196
554560023
969620304
366556584
598548080
632424048
672813340
251117068
431378129
84727087
921265085
583061790
503469824
576439091
292733551
724267917
917762779
212777537
165981323
545418062
639997644
488506020
841441515
824883359
57506402
825594983
707283933
283007638
238872930
778921353
9242937
232012326
151002613
418927719
847809271
134212898
562448245
174479770
436700306
768321743
391871658
622012131
421493939
903863021
22227129
827627669
694400777
171643757
862935296
573222475
43151658
14445842
800443155
694013693
230592036
780359971
570232040
985144922
376272727
319309017
422533452
23213540
118712407
825818954
356403254
243751906
573235582
663188446
428059334
479599991
703357255
842583238
539415288
959911190
987614309
315425265
825886519
775704932
624800827
932470508
125082049
910926551
888071902
307531639
859880985
630143931
473716184
783167873
316070356
21341655
355177078
392968206
595625039
937306852
55063106
178892246
282326098
621157661
479371865
974747236
466232529
585884716
195826365
953602435
581705320
299719514
893201051
675072268
224594772
594699810
119573127
883861865
230772934
747508341
512299441
263827156
282475903
837110074
17874919
704875268
502732969
177779107
247576226
58156975
752489595
71764692
151756090
314026480
285489649
573545058
251206073
670979585
154478641
769807477
329219050
312554846
46219411
678898866
856357225
460025572
83122284
412469941
66002300
54511841
953277766
664514662
608367875
612347994
247745561
712944691
970261896
524234675
373349663
282576038
91731415
108411283
894605156
579954444
908036873
432991187
84880845
768721566
750044186
743096117
319296089
191726362
979568612
745991426
746309010
745345773
74625110
100690492
324192679
506898418
212254605
171216683
610916625
114206757
427348572
858504391
480026013
522720585
781225230
895615615
754323969
422850938
763318832
194888355
204204759
422964107
999044361
131203263
15069832
105365045
252952784
604394207
313592772
12680749
794166709
467526841
192021346
713067427
351171734
387797510
990109471
643027622
846386378
617809545
599981620
761227950
506705330
382755633
84480240
745193399
567850365
905348754
311765450
789770053
558512923
558009809
711830873
550645719
973850918
403236166
135820150
258404629
272476189
773197987
308146347
36191588
915114732
815886661
342861260
46134977
769696524
666735730
462642067
138272236
510230182
887160190
928473726
695155200
636235994
187744648
609023368
398496644
675197927
139934438
372537199
232739901
129083766
330331729
255645961
652497827
866428594
71581642
267193692
748592766
814047264
289694908
667999687
99972783
572746841
317461103
874687399
261495179
349451779
975186001
411509556
475609795
250494168
385488375
517829036
562240656
781938468
886582792
990801889
613861983
801913200
329429609
682001728
246758564
304191216
571165696
487341389
4848226
463229260
839144871
207498647
114989326
897480125
860105857
762213000
455672472
412505457
701117141
528470058
839152527
530606401
798259464
926609655
167283526
393180540
63380016
979770036
535213400
762717989
622450596
256450290
726837571
10860555
986716225
738295763
709123710
821128059
115483534
948837465
335570049
924722239
970598609
998488740
868539464
897226311
692288343
780778221
307927230
579465703
964112387
297322174
34269159
101802086
282190146
114292810
441608013
851971692
887464109
843601006
175487
943835773
221304970
171269571
172711298
485938743
209019101
949361528
241679283
776154143
39303823
828910141
705051934
522782427
265780901
560516068
697099124
83544655
202356482
844696977
593967235
836113134
294972854
27033229
999658659
336229041
861428022
965211601
697792275
367567317
421979698
12589361
280437639
930269719
537685677
612431842
124083949
763083596
185060274
191183874
435362956
473181205
828325867
373406189
561279655
250287887
891055871
546499733
992586711
68730281
488087299
170946628
316635266
805243369
889753596
55396481
504253222
741261540
274296548
760417787
764808782
20659989
560904993
534650021
936373365
784351482
403716878
905612421
823224451
242462932
776496793
760085795
967751945
601049271
660996161
881151277
363888551
844562402
60937794
12584046
965318027
454095775
317725830
333375395
281736267
681243568
148140383
466883851
409889919
547355270
944247923
744988284
723300949
340245000
623410927
368339224
702830250
58553099
385865918
669900876
947841754
837331575
116589076
994268386
579798235
178827582
809414732
368159816
309425517
989996199
351114230
745570729
809181297
886889913
876238497
13195625
123455719
218791774
770466818
237330700
96452934
898555191
741968713
79992456
234559685
639584221
589253836
210209257
938732448
163408868
295862320
70925788
541657231
764518360
691025409
942004883
279995812
592764620
879134865
736725035
489879390
758517920
97378623
175181657
171799856
548578538
206635026
246544357
220832251
858186119
106344758
714858040
995197313
841621678
94545274
562665114
642813660
814913231
51684993
722815692
627282029
419955207
105882944
515818967
485864718
410940362
83271939
975865595
370862710
458473801
524401890
299954356
635060207
763562332
167463980
549687920
849368884
263414982
542677540
58266114
682342126
271906279
954241125
459041060
84881815
764638258
420011918
836536372
747248251
396944201
754414647
443109751
751616432
675071642
850332647
257493846
535882648
942624455
938408514
379188740
797354685
343731667
893796043
515701094
197551057
875274787
184192321
527931312
411665618
187258764
506617705
930680679
356659155
275550615
50631572
110516044
240975823
989353384
950042550
974980508
897453652
251704411
404225182
761729719
393629224
23551336
602964170
885938262
555174985
427336610
260593337
628044219
706394547
85287213
835728903
500920305
214369432
424050607
522911092
35002182
940519399
456247292
872373617
652474210
660388506
140836634
798052609
583638690
650656135
590610480
857312435
29796160
118722378
172248201
461812238
689382493
923676604
512268736
471108513
867888526
305362974
459339475
745746088
174096330
724707224
301611783
473437228
182818970
449870706
715427522
579541520
997517171
865836102
876776413
391668011
390966040
648192808
246550895
649761546
924462171
178175820
713844487
388011305
173476278
580005249
324941348
655592197
411459694
608003671
311700083
586745193
362081533
575154338
568538787
79433247
987243455
743228153
562625817
691253041
989250981
497519333
813970473
886501332
847116985
790308821
91755299
589144375
896416835
813732934
988120157
536386391
432892822
929897160
238678811
432953772
822895233
472885546
380550223
258782875
926759266
260010063
21384881
913689732
748575935
289088599
850974930
9950541
25905293
950108862
166261723
403614614
350843186
611845204
91646975
374537958
317613454
139710937
554813785
475762932
471645808
738675532
126594642
860691742
495774368
290020844
950234023
911207614
437483093
198581446
26522046
953914173
381854322
682648800
800359913
475902175
358601821
880302004
521458551
518889053
328948346
349424347
834608840
191289733
695977183
735326410
829975043
613489093
208766449
872262565
27794999
677988518
657195369
5344305
635102173
849743735
459936234
566916340
203158943
617928371
242985446
268354175
788031807
872470453
375874710
181537044
961085805
455100281
852392541
790411872
742303264
354882826
369897225
77132212
130870438
741613152
121193500
306543962
579713720
717985421
566356445
587985907
311573197
204716755
383259036
552264581
127378669
37435450
880524207
722096135
915248538
137183466
244186923
112594377
337041698
634360379
832837694
348657295
791411123
754056013
998267899
208526178
13365842
796801165
692841580
506565590
468189782
622497960
986706055
687285511
660742603
251475321
260892075
372317431
419565623
311240814
64739095
175707682
66848505
859900849
990686590
959447879
546736655
177928625
610212632
147506699
626761779
89624236
889451665
989269186
511544771
609031513
98801172
400509909
321074909
632492025
254033546
260406970
147217212
542374414
796649240
323143807
413891130
562121457
695077235
159529018
554815199
710318089
273881007
765940479
582491976
431110080
728415173
187354706
856140612
806268546
535476882
418386507
866039544
437620087
635146807
733682639
625414782
26625091
283722405
407248469
791072638
879845262
640135944
204258318
509938440
349439108
920724708
461825041
944263059
737542084
751585164
928693804
738573967
924840822
152113835
808445664
658590461
584313082
799234135
610678907
362992634
933283779
643314367
754048951
334578805
662034564
499008637
716362986
638399794
290024910
808331780
988414319
159413181
220210807
692472990
482084269
762649466
934627855
871137535
280897991
224887770
431216503
35910821
488010522
449077388
130671581
939694865
884723423
782133863
71060125
379240465
529912368
136308058
50741967
216466995
793298124
658019291
684729489
297534671
698988650
24957376
690597601
784984175
73767648
538875405
239355609
226114497
919996430
58407599
747251445
848266731
147487008
840656924
164479283
529215212
39744450
87204208
128251862
415699424
396592479
479152109
835627102
952038674
336343776
431367172
644471443
518097763
575038191
26151020
709746543
495010250
766415535
897375662
528025935
779892711
317392901
939498923
498085231
938364181
302598837
902729973
780684461
260253833
503813688
192895455
622423817
13279094
243566074
823972923
911454221
969310871
827886105
788997222
393711736
509665363
118188105
868950380
4049577
465425217
853065934
635668023
333960218
803923523
274185430
827670719
727655255
337567217
92350710
633234475
868274778
965783153
313355139
108305760
680703401
572159260
955864061
63723343
317354268
30248813
881805962
238899829
531972332
293376729
269512538
324684653
690727873
779741731
601704694
642742615
467833909
938270993
747548366
134160385
978904687
126633444
45979719
321345732
239593764
668730995
148461707
100803819
572639977
950639383
856327282
61298782
401597928
115048801
412402916
910260309
542218152
520882585
835000703
878562567
895640989
521457004
454502041
812765916
827916703
645461443
297942297
364316732
397553673
464954192
802841780
111986667
348658636
119491880
131142394
66115925
860040723
619163065
724617751
942903765
210990095
706259249
964591931
610740979
908137844
806932912
83010961
255776652
106267877
451341636
304463719
784673712
730778989
514360657
796651398
705487755
830037702
32559293
941216
958647290
872513178
320925228
15901861
284066277
336841859
360120447
915768360
652487480
782909241
603133898
249782556
465524271
311924511
128685619
445868355
465975408
957866709
878620191
725602303
408991969
796602009
122897928
198212042
476730099
253374501
933357536
334083632
439233255
732810022
923631206
982111715
694484665
744699701
702828381
363496268
563812781
884292309
322050954
618641697
426378563
306577040
58772838
912444436
459815996
714185445
143543414
605503080
623627238
140982269
564206489
439122539
468788543
378372379
664005120
8086892
837061386
916380787
549313707
830008512
277910267
643304292
967471996
832015771
67575691
518182609
783946415
325459144
825845338
422601177
714097239
437633263
127257570
676466140
69803340
545756242
373402648
512836302
899630982
262219606
441684806
364323801
55938663
492101761
962541228
559852438
323050048
377895784
17784596
905661017
360993552
547482537
539442223
295695570
632389583
993411843
377121552
86953713
525948276
415349759
373135552
445747994
965514135
314993023
623022070
759431726
424645015
525274956
142569889
978776503
928438721
414460156
422132679
341711411
517792224
623122918
97570243
968815365
789237631
96982802
599931346
44097519
856428946
944144361
329068944
788259769
750620306
766424174
770967152
530470762
763503652
483302792
174835180
652802153
161899067
707492586
106454084
91817025
853449160
734481472
211963435
816099577
845995141
409339324
972467992
366464790
114405450
404068684
255776280
731546196
520381442
275368807
865831603
849931461
25868148
733685309
691286991
671759369
581571015
790020084
603935766
562745338
407094051
551330121
755458033
126420702
242493672
358765828
292729621
956661496
396240026
305484377
71733139
395127521
94692936
427529071
55927568
787267860
149318550
901218505
269875137
410828648
196463155
871214645
333350608
260404420
494600048
572714411
802278496
753533081
339512148
810239455
938379717
376300605
376945338
234988850
797942757
649793640
768156294
326446731
456422272
273533816
10985756
204500785
878085880
953367508
958752738
737102751