56
42 6
299 718 787 632 809 604 849 683 17 238 619 647 323 562 370 154 465 60 432 373 978 939 820 394 674 336 376 218 181 488 448 253 779 221 919 874 984 819 750 654 680 131
374 105
990 219 663 590 682 380 1 251 948 32 863 860 348 719 691 432 267 598 551 379 854 674 702 10 130 617 733 776 739 846 271 604 187 904 210 296 199 319 588 854 486 807 677 883 915 864 147 764 391 919 679 935 713 590 998 362 244 195 251 328 383 517 113 608 780 747 940 442 577 971 367 703 304 755 621 6 356 286 63 848 750 38 583 98 530 22 418 794 59 570 215 898 762 456 450 711 164 468 282 570 697 579 174 831 863 578 591 294 769 125 185 326 227 315 321 554 990 969 373 384 769 348 683 203 296 264 399 352 811 918 73 407 756 17 894 39 608 802 360 116 274 858 641 292 691 914 660 896 971 533 735 458 507 479 40 695 750 99 682 907 744 745 173 307 806 189 849 259 525 180 621 773 211 954 670 585 129 635 965 493 871 204 657 625 14 589 966 226 203 900 528 379 612 192 519 657 78 282 57 226 215 813 805 518 369 191 625 949 821 814 33 672 699 53 497 309 21 250 912 945 874 451 91 977 540 326 152 247 880 517 36 45 122 841 982 744 129 857 756 778 868 462 644 138 168 431 550 629 306 881 905 185 44 357 854 493 740 450 928 650 977 735 496 438 458 311 125 56 752 811 859 833 235 361 618 312 949 939 878 950 869 231 906 38 368 854 670 947 364 131 655 28 442 155 391 944 906 739 776 345 844 536 314 899 318 702 842 800 803 239 908 292 134 689 521 688 137 815 571 55 482 508 433 427 319 9 112 913 264 134 469 409 237 1000 550 943 622 834 269 110 726 257 61 428 188 802 210 603 908 976 164 44 588 45 513 940 851 499 38 222 318 257 185 655 742 900 184 127 862 961 128 496 919 802
856 509
412 979 911 21 384 75 251 929 123 771 220 753 792 771 593 747 207 798 177 560 164 470 910 686 293 641 924 430 862 498 196 657 403 407 271 55 608 959 899 347 787 570 497 269 853 953 141 328 87 340 185 368 915 600 827 600 198 374 581 485 619 889 363 388 444 266 531 244 271 250 107 285 927 1 889 613 580 881 160 898 942 926 199 781 255 43 749 316 643 624 208 659 53 185 176 311 299 821 452 641 956 156 124 321 904 247 182 802 216 85 359 890 226 610 259 885 808 540 343 427 396 600 566 703 259 207 264 25 720 987 959 716 686 101 674 165 931 285 781 97 581 901 641 518 490 202 684 137 463 622 9 356 833 39 140 1000 571 271 410 278 983 162 804 580 44 551 428 745 451 197 761 483 852 892 640 397 973 467 258 662 644 646 152 374 450 969 802 590 302 932 381 492 905 277 433 699 681 110 457 405 248 826 704 251 563 103 393 967 444 245 37 12 964 853 810 848 745 414 645 955 425 712 945 340 580 21 436 189 944 900 817 875 30 290 382 243 976 147 207 799 542 1000 511 421 295 901 108 820 526 719 257 987 368 337 520 973 729 962 825 380 430 587 920 773 641 5 768 170 832 834 624 397 989 42 779 9 639 990 179 447 622 711 341 115 186 671 137 22 757 122 292 349 626 437 214 203 882 286 265 731 28 994 883 824 715 924 525 211 92 139 243 847 90 252 275 60 819 285 775 377 101 605 241 991 520 541 851 502 647 6 212 812 22 667 112 656 503 896 353 167 22 558 933 580 160 488 241 283 48 503 942 863 579 107 430 208 686 336 20 4 941 55 305 552 803 977 329 930 712 298 273 747 865 176 237 630 843 335 851 25 294 504 346 951 23 552 400 550 107 674 990 935 623 550 119 106 749 894 167 295 507 593 450 665 257 238 98 93 96 326 668 164 664 413 924 196 424 614 689 599 659 369 297 709 849 669 702 228 385 235 129 780 436 87 354 648 236 795 988 774 822 156 660 259 652 162 945 997 466 879 464 941 635 934 484 464 275 877 457 549 246 764 538 628 361 667 321 979 659 19 810 923 204 359 984 139 929 248 744 899 257 342 610 483 521 148 667 860 699 517 808 295 421 68 69 543 97 269 309 848 728 20 740 522 895 109 90 928 494 994 444 718 141 805 723 294 935 516 990 587 895 626 760 482 393 421 807 213 799 128 303 804 648 796 981 996 382 809 384 728 508 981 150 357 880 780 374 995 251 472 56 836 74 447 121 488 128 976 774 786 694 30 182 290 606 55 492 876 21 729 570 483 336 485 650 605 250 510 449 391 553 259 156 757 698 656 215 806 425 30 965 679 587 430 91 180 518 513 434 611 747 421 191 681 647 671 273 743 174 760 513 747 997 258 1 328 83 699 200 522 316 557 829 804 572 674 493 613 318 829 652 766 851 921 853 907 107 315 126 323 145 861 615 869 857 20 42 396 793 742 398 159 52 719 726 937 293 133 397 607 758 518 922 744 287 325 74 779 290 156 593 624 877 526 547 229 655 167 389 976 764 350 170 111 187 338 658 973 439 861 135 155 444 192 989 274 724 191 584 565 512 644 28 116 899 539 827 584 682 835 632 459 218 64 955 302 306 789 362 867 87 269 357 224 878 759 779 138 592 238 86 818 958 612 972 367 748 242 290 276 476 45 642 892 433 388 226 490 897 607 145 151 759 798 764 324 546 302 250 795 793 169 92 745 704 483 996 667 687 90 831 629 910 810 668 450 296 2 258 957 660 120 592 914 624 877 645 2 208 651 931 319 810 733 527 629 126 861 56 766 130 245 746 769 413 686 783 466 535 329 482 640 288 598 858 455 765 876 323 921 868 555 693 312 880 13 256 405 446 760 486 5 70 650 837 851 531 828 873 433 418 189 355 82 493 783 666 515 752 347 339 407 14 851 498 778
249 187
533 223 724 529 46 83 145 853 586 967 369 34 994 378 539 475 171 791 897 546 883 274 527 848 820 110 774 218 568 884 182 820 625 206 639 390 140 996 162 145 709 255 707 943 194 57 789 147 932 980 23 163 231 541 13 22 111 797 154 64 888 48 783 338 260 241 845 31 83 827 182 311 879 106 476 289 869 626 519 999 551 269 953 849 56 509 946 55 574 341 978 460 875 302 13 394 968 931 718 268 116 538 951 378 545 988 881 92 132 555 132 23 169 962 924 302 381 421 201 594 337 93 531 305 785 693 9 236 101 99 29 254 88 513 828 699 889 186 268 309 725 570 538 631 611 957 415 411 963 397 640 377 618 585 862 54 929 616 305 406 113 272 564 484 919 561 330 931 998 405 825 619 55 293 713 952 780 767 775 342 263 685 766 102 472 830 816 28 508 745 207 52 479 794 779 547 243 460 770 843 420 798 771 860 236 463 492 801 318 345 327 533 271 79 792 167 220 887 355 155 311 27 238 305 890 900 639 65 773 671 848 77 166 47 342 726 824 593 540 271 204 289 830 336 249 620 226 948 690
842 207
158 876 917 437 969 176 69 470 162 433 822 870 121 616 139 86 929 91 232 425 926 264 319 905 993 331 637 299 653 365 313 917 663 168 19 217 697 232 944 130 483 404 468 947 905 344 461 893 317 536 355 265 728 682 282 572 870 20 786 814 357 56 935 447 984 334 127 885 641 718 332 581 699 85 682 283 86 397 703 377 988 980 860 964 333 103 594 110 596 47 422 800 863 931 48 97 277 538 616 870 422 343 995 632 855 912 867 845 839 288 830 340 967 989 159 308 911 453 704 362 230 174 742 529 50 304 858 748 364 582 336 414 171 144 307 627 52 278 34 569 338 695 643 330 118 575 1000 992 994 307 889 797 994 428 670 492 811 981 863 989 810 438 353 960 534 950 261 143 738 792 417 338 421 227 351 764 33 923 429 757 411 990 903 189 893 874 182 643 35 215 581 963 617 774 96 206 307 309 571 339 44 964 774 740 284 995 141 985 310 940 873 374 910 624 524 672 12 298 801 812 716 201 110 713 777 277 185 540 215 781 154 1000 968 841 656 754 706 538 623 565 112 373 192 402 792 621 658 505 678 73 689 396 41 603 594 926 962 218 836 571 335 643 123 369 273 82 215 284 739 862 877 270 420 858 984 509 53 614 284 136 272 769 447 427 971 178 702 655 452 959 748 901 525 378 912 798 451 675 807 255 465 363 756 155 781 214 948 573 565 831 955 551 794 19 422 409 838 978 373 701 890 529 589 275 956 764 65 811 331 420 735 783 430 777 863 619 583 494 307 354 226 635 870 693 645 312 419 656 980 136 703 192 710 814 125 965 26 514 1 70 126 746 892 843 226 224 887 487 442 176 209 778 831 515 31 129 787 525 603 575 953 102 353 842 136 664 119 612 540 235 125 861 415 513 923 593 298 496 565 641 296 742 417 675 787 754 359 160 184 420 693 707 749 843 464 72 482 950 907 300 486 732 919 301 837 380 99 63 163 251 237 281 243 916 747 191 531 740 931 745 780 840 488 909 223 908 360 749 616 331 721 692 110 808 443 689 530 913 304 946 43 599 156 610 137 761 84 330 182 946 912 543 158 962 507 323 17 313 918 715 367 458 390 333 363 185 715 633 151 985 932 804 528 695 175 313 256 447 19 80 866 333 911 9 365 655 430 812 271 993 524 421 193 223 451 56 182 485 568 263 686 844 898 577 942 25 528 964 80 475 98 545 91 147 274 980 174 476 664 779 281 46 411 433 143 732 297 673 418 892 194 236 343 477 579 199 489 747 514 852 304 271 814 692 631 333 646 205 836 155 370 842 647 243 11 910 639 253 422 505 879 220 999 416 91 623 76 529 126 895 854 821 876 72 287 747 560 235 670 695 450 233 227 64 39 500 731 805 1000 685 404 421 896 927 623 951 243 722 410 705 551 946 698 320 459 772 690 625 973 646 648 430 207 108 430 532 390 455 485 946 114 898 221 812 311 879 766 91 827 422 573 690 73 323 661 399 359 470 219 686 362 10 686 696 866 742 335 92 903 640 168 333 437 606 479 41 559 201 286 655 363 142 27 409 424 552 400 672 945 819 243 825 598 100 606 898 545 530 539 952 870 997 616 996 430 490 900 104 383 712 534 342 564 929 75 987 872 858 852 924 408 205 151 455 125 523 853 259 525 771 19 404 401 441 86 691 698 189 370 683 304 930 729 382 824 480 81 832 421 198 143 111 24 884 291 462 601 633 628 679 40 781 66 140 192 48 654 299 270 162 729 552 921 368 28 193 975 374 158 589 210 308 733 925 150 918 786 482 643 942 208 496 713 274 421 428 307 638 136 774 591 874 179 286 207 351 607 653 41 160 509 706 960 737 512 6 510 297 686 665 758 490 992 798 646 829 894 189 752 944 962 643 477 385 403 104 173 693 583 162 636 998
418 185
417 866 679 93 393 215 305 727 945 5 917 841 539 560 17 802 919 629 777 117 598 742 129 718 349 848 779 905 926 964 80 290 580 65 480 767 499 60 462 661 879 318 943 718 107 901 466 436 485 80 303 630 498 738 477 51 828 335 622 965 585 720 94 710 213 99 923 963 521 791 592 340 996 193 384 995 781 971 546 810 855 435 392 673 583 615 457 302 718 95 664 875 405 464 84 564 400 105 532 92 334 191 841 207 968 383 526 726 562 244 51 793 807 52 546 777 627 770 599 948 413 996 71 702 134 82 596 947 512 96 698 946 752 434 523 865 807 366 28 549 777 154 70 637 541 75 486 262 367 938 238 929 604 103 74 383 343 451 904 674 656 377 948 858 135 703 655 79 868 489 6 668 155 707 82 568 210 10 441 872 607 611 993 662 202 121 309 792 288 935 731 861 574 160 386 51 158 213 149 351 716 52 247 259 135 95 773 610 28 938 927 552 253 867 92 299 734 601 480 681 454 172 977 417 347 716 74 354 852 355 744 860 75 829 956 294 684 719 567 771 793 528 119 433 436 823 618 704 861 930 714 557 369 896 800 721 742 408 515 40 966 663 989 45 567 133 404 658 620 765 151 430 342 951 723 134 490 146 999 403 31 752 483 574 23 859 878 503 517 588 721 823 84 429 902 351 482 618 831 302 865 178 115 87 627 17 114 56 871 813 784 28 165 915 1 248 474 236 865 820 736 495 540 610 7 885 310 579 904 336 9 225 218 140 254 610 170 603 100 290 553 472 158 167 245 28 731 465 942 248 401 896 733 363 619 567 275 956 10 923 313 401 871 532 27 917 437 91 700 363 840 350 315 841 334 544 899 581 233 968 919 166 914 752 572 912 125 614 754 44 758 587 816 894 487 385 528 115 249 152 281 257 282 463 215 310 548 282 23 713 468 69 451 179 806 259 451 715
657 563
601 710 197 615 846 311 862 760 289 123 910 777 667 873 909 895 273 324 58 565 430 105 540 608 377 866 758 64 572 17 5 435 447 226 559 309 869 884 137 91 273 776 166 436 268 938 847 81 753 830 651 888 281 915 116 335 685 734 803 890 828 214 591 793 282 244 567 486 272 835 63 766 19 947 662 656 522 45 527 65 35 214 664 539 148 371 368 357 200 505 452 853 29 119 19 133 10 17 288 993 868 303 129 188 109 458 850 942 222 185 331 244 730 80 222 884 758 965 370 447 139 711 247 716 683 391 716 360 942 888 450 355 726 89 816 827 198 611 906 931 170 507 580 669 605 454 755 747 493 472 32 582 203 319 224 410 342 579 623 754 419 17 608 394 12 591 161 720 867 268 315 829 530 662 827 456 645 652 521 315 463 540 134 323 788 315 528 647 244 717 71 274 829 620 865 362 388 168 424 801 10 134 101 283 54 468 244 711 218 657 706 489 74 711 584 506 449 163 449 163 602 268 311 311 920 187 209 261 81 327 984 855 955 541 531 399 40 164 114 67 489 592 139 413 895 270 232 91 261 642 519 223 449 376 291 132 570 600 526 75 523 176 335 693 338 364 626 838 464 656 717 187 228 790 320 511 672 383 82 981 529 328 437 982 354 813 649 954 705 394 572 367 635 583 274 167 168 696 732 406 541 673 646 314 497 993 534 926 825 982 666 517 451 968 198 619 332 914 267 523 24 306 51 541 8 839 783 207 440 177 923 912 572 282 993 514 778 663 123 640 28 725 719 579 600 641 757 753 315 91 512 244 537 788 660 763 373 411 322 240 406 920 713 31 490 294 991 336 421 878 399 349 789 939 226 453 144 265 331 920 84 476 489 925 653 960 27 864 458 463 838 397 261 318 574 939 953 216 584 769 897 152 392 656 952 175 631 395 235 921 162 294 446 353 860 57 202 132 781 338 200 184 477 325 265 793 959 41 858 620 481 464 164 329 930 208 470 51 741 196 378 721 635 783 709 767 775 955 339 541 205 432 533 633 316 559 963 851 722 13 10 279 782 177 28 914 933 434 930 887 892 89 757 561 767 392 184 695 631 167 453 521 475 206 358 413 382 811 589 641 358 941 755 726 797 767 771 483 950 515 597 469 150 260 529 827 879 400 867 947 3 457 188 117 613 253 136 410 509 931 648 678 816 376 243 354 678 817 32 663 262 54 439 339 370 602 375 569 207 874 796 622 331 340 237 418 608 875 92 755 901 564 733 983 368 785 839 138 760 922 709 599 511 705 147 625 108 660 425 495 838 675 690 112 181 924 500 220 987 743 199 294 569 537 492 968 544 398 602 409 136 281 147 674 717 826 526 98 732 419 124 492 418 241 810 704 230 364 339 460 419 690 761 42 261 467 620 706 492 656 862 948 825 880 905 577 323 681 236 567 1 443 495 414 200 314 644 670 851 878 559 629 519 151 290 347 286 776 509 552 223 675 835 567 776 310 585
142 49
248 931 941 183 73 714 432 889 578 109 33 223 615 901 243 985 52 24 465 638 491 837 963 496 486 362 81 440 463 355 969 454 543 388 652 174 780 605 38 19 32 205 532 261 814 48 61 242 924 650 771 79 256 530 358 810 116 69 322 129 220 403 453 603 966 354 48 999 949 234 793 834 694 418 896 468 97 792 667 751 784 265 232 448 900 116 652 273 533 985 893 36 690 54 927 939 755 336 479 192 19 276 629 410 814 649 750 492 267 881 16 928 53 962 698 896 971 185 714 917 137 183 283 705 933 275 810 151 517 474 364 945 382 67 149 831 135 875 456 743 839 355
12 1
211 684 581 560 434 193 356 81 3 523 572 922
190 186
676 833 594 869 214 220 177 133 475 14 669 765 564 262 794 788 203 29 106 609 290 657 836 418 732 433 263 973 104 810 241 669 349 495 724 274 264 641 470 483 798 680 100 645 772 325 255 218 750 407 77 667 246 189 678 745 918 441 228 990 493 676 3 266 255 532 22 722 440 485 160 811 576 203 716 311 71 967 981 855 635 237 331 90 731 382 103 55 407 268 512 259 93 980 914 700 327 324 389 30 6 789 267 357 835 628 112 413 897 923 817 737 290 131 489 119 475 754 516 222 57 936 300 762 636 311 699 703 555 316 476 55 237 900 868 943 900 262 363 808 769 4 989 773 221 683 61 457 630 841 739 811 492 553 794 943 115 394 982 598 624 647 111 484 864 820 612 111 672 956 834 772 657 416 505 687 891 490 818 648 520 321 458 483 981 695 624 574 871 383
372 320
592 335 822 886 470 936 47 947 447 11 197 244 539 656 505 148 604 740 572 529 529 249 66 643 30 344 803 211 286 399 238 735 412 231 860 894 172 882 794 660 943 220 49 15 311 293 274 5 624 54 177 980 248 680 639 167 955 368 614 987 145 58 420 716 286 982 285 686 817 117 593 112 287 263 428 891 881 897 759 685 298 304 240 700 429 507 439 412 744 188 508 990 252 525 333 182 691 952 508 371 463 919 816 270 990 82 364 542 400 564 413 578 405 785 443 7 957 49 400 312 340 482 568 368 382 574 170 315 40 936 14 66 55 438 329 315 597 953 204 539 700 253 938 847 734 853 654 519 831 849 464 36 122 70 551 756 785 372 664 259 737 846 875 263 224 90 260 648 807 863 629 302 836 652 993 320 50 338 841 303 638 998 851 584 245 548 629 335 44 264 61 356 397 306 356 646 680 749 460 595 670 709 127 768 961 268 178 546 54 652 76 448 960 96 741 978 725 205 730 979 136 246 435 413 824 722 893 244 40 674 526 903 115 943 252 928 948 150 632 973 884 648 529 512 483 789 879 343 103 430 777 982 681 230 21 735 82 189 408 323 193 509 69 548 488 334 273 717 607 605 996 442 31 888 906 277 641 766 316 42 747 710 101 886 317 745 181 691 88 968 457 409 427 772 210 459 115 132 954 299 428 836 630 883 142 326 728 804 137 861 214 919 548 176 620 648 235 859 843 705 815 389 96 62 715 278 676 856 407 212 977 449 45 993 812 571 431 270 822 451 66 295 580 424 196 623 978 219 736 889 412 772 400 506 689 202 813 147 708 182 532 623 906 78 304 693 507 129 663 145 756 375
652 564
108 425 52 102 115 484 230 30 711 491 431 214 233 427 700 577 710 113 139 546 972 305 990 597 19 674 54 382 169 596 889 385 536 430 912 787 886 826 42 204 745 876 32 162 56 401 420 682 342 568 704 919 168 421 874 738 161 49 487 937 610 927 816 82 508 793 478 16 378 808 183 796 48 265 628 532 208 311 998 191 939 43 147 865 350 856 436 566 688 76 408 651 189 36 396 325 34 332 377 307 392 615 49 36 799 842 937 507 395 649 730 513 783 24 535 192 421 848 253 641 308 439 417 822 795 65 84 893 417 698 125 292 1000 628 341 810 844 801 455 246 575 531 480 130 848 166 818 103 831 465 208 615 832 765 790 382 126 64 583 696 142 52 608 79 545 663 556 180 418 955 287 745 587 89 72 840 53 624 848 877 129 838 291 800 347 295 178 809 966 754 100 735 846 712 243 85 820 367 57 400 641 612 425 11 424 2 640 802 16 441 60 566 444 624 750 991 931 205 800 94 554 596 290 669 665 88 65 537 865 942 648 841 315 219 516 736 323 787 212 78 252 515 205 746 236 609 550 741 470 722 648 70 433 52 894 876 954 773 146 343 544 293 13 315 757 98 814 333 276 156 385 344 872 834 931 389 559 299 496 413 494 807 631 219 879 673 398 710 984 345 72 572 300 537 420 920 99 94 153 638 584 561 990 800 579 854 591 429 915 225 64 459 137 80 28 504 428 525 415 683 198 600 284 248 395 681 424 23 67 80 455 453 331 251 912 357 699 967 765 428 364 536 479 270 423 479 991 400 292 898 155 186 1 108 480 991 196 716 421 893 675 477 206 9 840 981 935 936 196 822 304 114 81 323 232 972 440 640 666 993 976 689 11 819 636 224 466 218 961 418 590 698 605 410 301 767 596 21 270 987 775 151 782 21 317 166 719 220 139 117 678 231 453 801 550 899 898 418 878 993 758 565 407 236 725 579 27 915 260 272 596 232 492 911 992 67 199 100 119 808 654 955 467 160 273 44 860 697 866 831 370 262 924 69 94 193 507 710 908 558 540 663 180 566 778 906 550 346 421 234 919 508 408 64 172 656 29 919 532 772 220 257 883 559 299 381 128 75 496 821 369 244 743 740 502 860 680 904 318 365 564 315 668 225 171 728 84 973 987 301 433 254 870 125 588 980 582 621 474 151 982 804 378 529 20 441 229 136 680 353 740 474 171 939 412 75 375 615 554 884 523 898 179 897 495 449 495 533 953 346 937 482 946 467 538 116 468 619 588 441 431 556 768 411 892 379 333 530 637 126 282 350 983 598 641 17 245 604 272 798 86 362 601 723 208 324 386 52 672 11 97 844 743 749 161 45 517 779 115 767 828 29 637 836 337 282 50 545 933 487 167 126 204 996 289 891 250 75 277 625 148 457 658 911 4 225 641 567 909 958 930 416 366 359 254 791 93 457 906 439 679 865 516 657 947 713 650 718 726 10 624 902
182 95
548 804 137 774 109 365 324 140 629 871 867 753 302 956 76 277 287 576 853 134 308 690 536 755 691 916 914 445 722 238 439 994 467 385 432 33 464 958 358 663 815 391 518 375 835 351 565 68 215 706 60 478 766 495 244 807 22 810 223 436 109 557 857 882 931 902 861 682 871 783 855 428 282 367 774 57 297 606 416 935 395 929 93 475 485 65 814 532 681 744 494 683 313 334 34 293 432 895 146 152 774 394 394 171 744 924 677 357 516 972 45 232 56 2 307 21 338 892 597 610 26 29 761 235 716 947 655 633 746 749 740 551 267 530 790 114 651 799 294 902 479 32 505 440 42 884 695 830 30 304 126 405 366 910 271 549 299 245 185 900 307 832 696 418 479 625 653 989 577 606 674 256 233 958 104 182 388 645 784 136 564 784
730 225
29 794 605 260 93 15 261 911 402 632 251 744 616 641 246 198 725 913 431 490 399 593 770 363 504 649 391 300 141 48 675 132 286 40 292 992 326 470 234 900 440 595 299 530 710 245 953 897 44 794 212 195 731 174 910 546 687 728 346 910 809 395 976 777 361 436 954 911 237 598 961 149 217 376 562 562 782 530 973 364 970 215 171 945 712 690 968 292 69 96 173 293 560 840 834 77 457 922 320 946 653 886 428 805 836 515 677 858 889 984 265 375 349 708 767 321 27 223 278 842 674 941 824 930 175 418 617 239 859 950 543 321 66 736 141 360 729 459 561 667 576 974 46 561 664 49 435 185 961 657 759 957 963 88 476 111 320 577 67 897 887 352 94 759 738 104 145 892 911 34 447 20 274 363 540 666 261 406 520 430 207 574 544 734 223 547 290 263 214 885 147 565 276 905 636 510 510 511 144 672 46 134 817 869 419 788 923 618 404 641 113 612 390 930 478 948 697 780 271 251 733 893 512 915 448 92 545 386 133 652 739 184 283 896 187 665 971 633 181 702 218 768 676 453 492 35 977 283 182 894 662 68 807 160 905 323 937 998 795 1000 468 461 646 805 101 661 557 657 44 553 581 844 871 783 724 639 44 619 752 734 564 759 301 154 484 762 22 898 386 533 780 456 186 727 541 657 463 35 214 616 800 283 155 537 740 885 299 910 241 166 946 71 542 51 382 84 990 536 228 538 798 283 631 555 195 231 783 439 50 172 812 728 855 556 198 76 109 590 537 874 6 463 305 471 19 458 41 95 863 840 30 494 980 181 229 350 103 995 828 201 493 515 851 591 819 944 681 650 892 334 625 661 231 9 433 861 302 94 233 926 276 380 964 223 981 123 294 952 128 545 51 617 902 736 467 737 543 659 138 5 288 418 684 595 991 678 566 30 243 59 956 384 667 162 194 783 331 361 878 63 648 390 513 616 798 365 48 268 273 551 219 537 602 828 656 638 859 840 93 930 54 341 245 289 24 758 501 415 658 787 837 452 621 576 400 820 464 353 690 187 597 801 88 390 733 770 938 253 77 2 528 783 494 917 169 506 786 189 19 454 71 678 665 332 266 366 118 166 601 927 908 512 668 237 848 193 452 647 442 453 626 977 760 12 851 509 660 155 145 162 638 786 549 967 842 674 134 390 121 684 687 575 951 411 926 946 36 470 256 716 544 544 300 219 748 95 616 17 491 538 320 778 750 974 475 725 244 976 550 738 407 586 6 510 621 20 616 163 808 178 643 219 679 735 339 56 795 143 539 580 322 501 759 981 371 51 887 133 937 488 650 147 999 563 675 538 133 634 818 174 608 262 733 532 871 508 714 571 550 29 734 189 890 608 847 847 794 901 842 976 424 106 811 31 459 653 751 697 728 488 187 560 307 644 770 871 281 741 913 863 595 661 327 375 487 228 615 151 62 940 759 266 258 236 39 633 572 909 743 464 699 568 862 709 926 344 723 388 467 701 511 112 901 671 355 4 285 665 590 149 780 394 73 519 976 694 573 338 781 608 154 112 314 279 725 783 245 184 467 846 984 497 50 786 539 826 622 657 598 475 123 772 403 164 66 418 71 1000 277 534 921 859 492 721 715 588 914 422 80 932 13 155 173 601 901 274 82 679 345 259
232 191
528 564 665 73 698 732 266 750 260 384 638 627 311 555 510 353 632 137 552 91 684 789 114 549 78 703 650 682 63 173 377 510 286 138 874 334 331 350 79 857 35 167 677 786 706 719 134 884 595 594 647 878 245 752 121 221 508 92 943 818 621 418 415 377 933 100 256 18 369 300 360 531 687 79 338 477 604 957 715 177 78 896 997 602 307 293 740 115 496 39 116 703 229 579 165 794 296 550 563 690 361 616 784 812 733 122 987 412 155 803 231 240 655 463 351 816 123 951 191 767 718 331 83 878 351 150 623 295 104 987 507 860 175 896 10 632 811 783 770 316 813 143 105 775 143 652 274 835 961 844 433 776 859 827 298 55 323 804 372 567 985 979 302 414 200 348 739 984 684 568 346 855 973 581 567 42 610 534 542 368 631 902 262 218 866 809 263 474 719 386 186 462 260 182 537 250 630 778 139 323 837 930 315 992 137 541 580 197 854 128 537 419 676 525 597 735 687 268 471 349 523 69 269 751 451 985 213 252 418 130 577 942
401 298
188 261 41 822 241 134 2 964 571 227 142 999 773 415 284 731 359 940 515 271 889 950 619 768 439 113 474 19 9 63 316 30 919 83 363 83 759 141 569 630 424 425 764 18 147 59 835 835 10 341 439 730 88 804 543 262 416 924 842 356 590 786 919 210 949 795 746 489 661 81 305 497 846 444 707 590 957 526 484 46 292 372 281 92 26 306 420 27 559 556 790 942 815 40 966 988 952 92 432 687 122 487 182 893 135 330 33 577 832 240 826 989 697 295 913 694 888 721 585 614 820 542 423 124 491 411 812 172 823 726 587 997 349 733 722 89 188 259 991 341 647 785 593 966 483 89 947 940 201 123 292 828 261 816 980 483 360 83 694 676 75 907 694 679 838 773 638 21 228 586 895 872 447 453 233 983 292 801 829 992 376 603 528 355 601 107 476 104 641 186 801 976 158 285 327 149 38 886 222 105 102 651 34 947 774 540 691 190 844 680 405 43 461 48 579 377 864 55 685 474 422 354 564 612 954 556 32 733 964 588 77 451 457 876 200 345 83 557 150 990 965 348 399 731 769 881 136 298 708 662 828 886 902 545 886 518 443 873 314 202 254 449 679 904 819 261 463 247 328 811 477 966 506 956 116 516 820 39 787 721 488 168 942 695 136 282 587 298 309 179 803 156 23 648 812 933 923 59 449 386 575 833 378 170 123 119 256 501 898 429 604 46 749 475 597 366 137 751 93 611 620 486 693 470 309 962 806 834 286 672 822 591 386 472 187 528 62 212 896 779 329 330 107 92 275 31 82 864 226 663 414 166 819 6 673 752 652 969 988 145 934 410 627 349 311 777 373 227 927 744 47 708 526 173 593 227 717 377 944 486 118 692 761 804 470 334 142 253 779 534 538 35 153 912 180 437 949 332 163 207 400
911 540
764 639 65 717 816 99 821 589 382 154 76 940 250 839 32 160 793 341 775 59 355 338 214 227 296 766 614 415 392 487 465 760 782 998 585 60 436 977 908 77 727 961 591 330 228 901 935 44 483 851 961 660 665 286 931 325 765 225 710 960 752 462 411 557 998 376 369 684 303 547 236 395 707 595 627 713 610 953 299 914 103 638 434 16 348 679 182 837 924 197 968 837 593 61 319 378 247 909 271 519 891 631 470 153 80 357 972 848 640 842 186 408 283 170 659 559 917 375 651 255 74 623 335 755 749 957 212 775 8 852 861 55 978 719 468 598 694 828 261 366 552 380 674 783 397 448 863 158 432 180 343 71 932 639 965 593 908 622 75 855 866 281 497 49 205 332 865 83 470 434 42 333 728 556 35 994 249 617 838 482 57 581 257 804 420 513 279 371 448 841 562 776 429 31 291 984 923 729 120 200 130 881 859 81 62 235 933 774 535 377 9 666 313 678 317 467 272 399 465 645 384 335 790 229 425 967 755 819 809 501 576 579 491 895 344 663 469 315 663 858 743 519 596 393 232 85 781 645 710 614 764 326 420 634 337 788 315 531 156 36 521 869 856 490 422 937 808 21 567 878 226 684 553 353 912 105 921 477 127 303 120 418 944 5 108 60 476 198 59 201 831 830 127 24 502 470 536 779 668 415 400 247 489 30 313 262 405 349 438 48 527 742 928 103 526 120 614 721 59 766 909 272 601 48 119 630 790 811 291 50 484 446 569 409 208 432 202 949 900 78 844 932 757 682 225 376 396 204 872 226 881 751 111 167 144 331 791 348 944 733 797 325 310 249 564 888 228 871 96 614 658 486 65 797 833 530 333 200 360 367 277 502 986 106 187 290 812 398 277 340 856 705 374 399 976 803 375 168 43 917 241 474 994 651 180 615 361 650 957 827 705 264 90 749 954 766 995 627 60 566 160 386 188 833 900 819 378 445 139 199 366 648 425 524 24 1 165 126 996 541 818 338 771 90 562 485 631 355 788 479 637 236 437 922 462 168 786 411 276 515 58 184 411 356 907 452 747 991 446 55 983 487 315 591 142 197 6 340 281 448 391 252 671 458 976 73 587 771 176 795 634 56 778 534 15 486 860 455 433 748 108 170 354 359 498 865 312 159 436 226 100 861 30 459 272 908 433 121 77 340 236 523 691 966 664 752 992 736 729 582 11 467 9 374 66 266 231 398 759 719 320 232 740 686 933 13 482 427 896 880 285 8 323 14 517 501 614 487 396 890 669 417 387 280 965 71 364 974 504 536 420 619 416 336 557 197 489 39 525 151 15 600 918 970 234 569 909 12 268 973 82 981 837 226 19 127 82 284 486 540 811 773 502 78 939 464 874 991 836 108 62 614 245 604 799 610 624 397 508 257 500 168 512 668 464 609 194 293 502 838 310 454 723 318 254 55 644 150 522 762 632 827 699 646 580 103 482 662 269 392 68 252 615 331 612 148 688 673 433 726 633 750 912 341 58 243 880 325 364 262 735 744 922 152 596 48 777 176 903 37 656 264 266 982 787 29 352 359 25 721 548 929 120 8 161 213 278 68 209 68 722 623 809 725 635 564 550 204 705 270 724 573 943 293 213 459 395 539 120 201 107 875 292 280 103 419 762 511 206 600 621 882 77 416 488 391 480 529 152 586 451 220 745 484 119 133 699 883 626 351 888 928 13 322 877 31 753 623 699 667 222 254 486 549 623 583 417 971 173 415 975 225 89 702 437 511 823 645 924 420 171 624 471 439 635 733 587 612 998 391 328 254 401 998 859 483 686 738 182 301 754 631 684 595 485 862 945 676 875 142 453 73 956 8 419 283 668 984 33 390 177 284 283 670 116 737 302 11 245 59 797 782 898 336 416 813 127 852 662 255 438 41 146 808 906 483 303 47 688 961 270 762 641 616 363 248 222 48 446 849 469 775 934 778 874 129 480 844 435 672 666 775 872 728 690 486 158 702 468 450 169 695 714 632 672 258 436 461 57 902 894 573 503 542 401 67 900 971 714 808 412 708 472 84 455 159 904 555 206 393 980
115 17
509 626 225 400 801 2 674 223 989 999 581 699 912 56 873 765 695 601 427 330 39 815 578 525 14 980 842 571 399 337 18 694 241 95 909 859 15 473 983 388 560 275 706 395 628 752 269 503 957 964 456 152 918 718 51 569 857 138 390 197 387 154 302 575 513 174 610 296 651 669 262 853 415 546 635 815 604 263 438 631 522 589 516 278 975 643 737 307 256 684 221 87 621 234 411 522 898 23 220 554 437 201 612 821 643 480 119 659 286 6 310 883 974 247 206
391 348
975 222 317 159 901 252 552 806 307 968 146 312 179 248 744 836 157 888 558 431 742 371 382 644 729 320 586 645 301 924 599 710 341 138 597 603 130 169 357 179 896 859 281 787 339 230 479 709 813 263 990 928 96 468 852 658 680 114 500 584 780 749 24 326 402 358 169 537 969 39 414 422 147 984 107 275 956 764 35 720 38 15 460 658 127 291 68 527 66 75 9 609 226 190 659 64 526 703 374 121 574 354 407 329 449 700 957 229 790 947 955 555 464 268 460 761 768 383 3 448 262 634 698 100 65 384 786 347 748 926 605 723 833 472 787 10 613 971 521 33 502 426 121 457 328 714 854 417 624 691 222 820 462 644 820 622 50 805 78 893 678 265 235 873 372 68 893 848 241 919 658 424 225 504 343 988 384 70 4 322 642 138 36 831 321 534 661 593 906 128 604 337 559 709 158 140 704 599 730 820 851 772 203 699 833 706 294 534 167 998 336 333 846 429 991 312 769 593 420 56 100 271 531 588 70 41 380 255 458 92 669 487 686 29 773 276 831 725 309 387 513 740 647 140 387 945 649 994 880 738 520 317 167 439 770 117 901 132 997 330 179 202 898 776 505 217 918 528 110 299 269 57 534 662 981 721 396 392 130 548 545 909 38 906 585 94 944 73 442 757 107 846 121 570 37 784 78 715 826 226 696 207 611 322 507 88 364 574 735 395 772 436 775 211 840 416 552 797 729 284 71 926 849 288 637 682 706 714 964 378 815 778 920 226 300 5 114 490 92 203 362 684 669 496 327 626 176 258 108 805 707 423 729 417 191 144 768 553 86 522 296 694 203 177 316 830 467 984 296 984 240 697 471 990 125 225 998 903 637 296 919 888 465 757 11 924 983 97 20 1 73
780 196
326 421 260 265 937 452 406 575 323 806 622 726 792 785 303 625 422 710 52 942 112 576 182 22 999 68 332 619 290 780 788 977 747 273 36 171 639 347 54 134 98 665 547 870 978 467 106 785 347 824 175 774 308 218 295 896 201 574 302 124 492 430 27 383 505 385 70 907 811 969 277 733 836 285 992 511 389 519 601 832 779 333 812 514 469 949 395 508 210 886 953 255 734 525 689 622 65 584 815 735 889 544 995 204 70 421 868 630 821 817 650 414 153 395 248 671 341 272 232 287 12 412 519 419 5 818 971 479 970 943 765 679 317 827 968 152 679 99 292 175 978 105 156 265 483 495 827 864 346 326 223 186 925 631 259 573 469 628 344 518 565 861 381 591 67 188 680 960 615 518 946 720 144 686 151 244 895 774 115 102 315 221 673 717 377 173 959 427 662 500 621 396 77 138 763 119 527 37 801 6 797 846 805 184 101 309 64 254 822 438 781 456 252 161 192 124 685 33 941 614 382 530 570 831 497 586 447 462 536 265 713 85 101 891 292 480 167 536 688 960 19 670 800 957 351 96 962 925 855 429 867 222 858 416 358 702 487 527 160 795 887 215 694 855 895 216 739 667 406 336 476 316 446 612 14 304 375 2 72 853 913 798 327 214 223 393 415 558 324 343 768 689 457 310 257 17 832 407 792 294 180 386 546 624 213 602 835 130 623 747 931 988 467 487 933 153 943 446 560 243 103 386 96 765 93 262 706 280 380 119 24 223 633 542 153 49 772 597 637 72 351 594 974 387 441 168 854 346 577 287 834 187 877 544 471 62 540 753 149 332 959 884 448 936 320 439 537 721 62 730 785 897 319 892 827 117 683 938 976 718 972 623 345 438 521 398 710 191 571 986 285 385 341 92 72 533 2 766 537 846 843 859 507 336 84 568 259 179 62 331 397 411 151 901 652 664 259 480 844 936 946 604 465 999 873 66 438 237 687 98 722 473 288 883 813 26 681 253 105 971 968 429 919 696 214 595 543 470 975 147 356 405 255 968 120 821 64 963 809 675 993 622 811 714 710 540 82 995 707 597 535 425 903 957 67 676 607 515 238 64 153 394 913 430 299 283 280 934 519 277 277 866 875 331 684 596 271 996 473 590 187 372 495 161 389 243 545 532 886 787 228 663 197 327 44 384 125 601 27 545 127 242 656 612 215 498 121 265 865 885 867 432 602 305 641 604 522 817 536 283 1 95 590 282 935 577 725 309 482 830 893 688 306 966 74 15 254 567 970 223 446 685 822 617 168 715 622 837 800 216 423 70 970 84 270 359 289 351 357 805 548 231 883 28 546 874 855 950 888 49 891 887 688 782 185 709 379 276 395 101 527 734 455 793 381 663 62 647 264 863 178 757 677 720 670 398 549 747 815 235 605 720 435 994 735 916 568 790 895 139 148 815 61 701 723 885 62 712 431 556 979 11 196 607 697 278 674 696 758 636 525 426 275 307 467 777 462 579 664 775 324 287 689 238 358 689 256 304 839 205 441 431 429 37 281 764 240 816 406 387 932 756 615 732 608 182 247 42 563 189 435 547 992 33 301 497 999 357 825 667 667 483 358 281 392 870 467 705 7 146 283 36 355 243 85 529 118 495 440 145 874 18 531 952 243 41 142 172 996 808 524 616 789 738 919 38 4 31 115 461 666 397 622 214 474 248 995 657 607 281 85 147 702 489 350 419 720 700 934 53 634 169 358 171 453 579 996 856 794 756 148 653 255 701 95 246 806 229 827 798
373 37
670 183 640 137 998 380 538 889 527 220 200 721 664 483 559 202 215 47 810 574 640 555 855 476 879 284 279 702 626 988 803 533 652 960 804 104 1000 817 97 976 6 120 790 929 367 479 805 465 534 838 883 599 109 889 151 856 708 951 14 570 285 976 465 281 980 900 451 662 717 525 116 625 463 968 829 27 88 548 638 817 987 244 19 675 783 544 68 58 667 57 17 918 226 633 22 475 964 535 282 21 454 838 493 915 443 211 327 745 663 403 135 983 850 29 791 173 917 502 413 334 773 774 583 12 187 206 449 192 966 431 942 496 574 332 839 772 284 752 585 216 410 265 433 949 443 359 820 338 337 697 758 59 539 183 654 134 763 343 802 917 95 8 609 796 814 189 569 880 98 232 619 893 947 307 333 169 122 926 13 82 311 829 499 968 865 271 901 509 563 531 712 540 491 686 391 488 582 976 258 814 402 225 601 44 528 769 221 711 358 143 144 276 903 858 314 866 360 758 481 508 987 128 224 772 715 201 26 45 934 432 515 276 288 663 562 706 788 190 344 700 664 703 484 595 14 43 106 401 565 622 60 329 68 755 432 885 370 101 934 280 866 483 506 994 673 298 92 356 554 487 138 248 859 121 202 840 843 470 515 341 970 1 552 586 69 862 453 532 213 112 732 600 969 996 953 715 299 987 31 832 37 964 215 115 765 872 847 56 190 505 874 159 215 534 603 905 418 345 57 78 924 672 883 778 379 658 601 340 167 313 341 226 405 850 995 463 289 817 821 453 63 390 685 809 949 304 729 68 300 602 457 836 793 126 275 959 959 372 276 358 742 798 196 865 387 727 518 295 848 86 683 583 157
873 334
102 453 366 732 808 142 207 62 130 103 817 191 686 211 725 5 862 804 889 145 804 899 585 535 869 271 444 460 99 166 694 16 762 313 276 352 140 309 749 803 980 779 882 650 400 289 537 683 683 550 206 851 893 512 132 638 399 856 678 864 654 281 65 234 40 965 643 574 790 636 767 135 751 276 829 182 100 971 717 779 434 259 356 923 125 834 347 689 162 928 383 445 423 439 42 270 178 500 498 99 154 433 448 797 574 728 204 5 127 809 805 167 674 336 882 354 739 241 479 474 484 702 22 633 652 647 170 300 812 915 451 967 739 932 766 334 94 535 533 342 722 401 595 737 918 442 515 62 884 541 891 170 40 103 636 368 637 606 361 971 93 248 977 980 745 277 501 935 652 264 984 791 570 874 915 10 713 872 324 954 131 778 435 149 963 175 767 594 177 811 856 882 332 93 328 762 504 610 95 880 632 202 265 369 718 190 307 744 194 157 394 236 638 87 190 49 484 944 449 517 28 41 793 228 159 602 956 165 328 926 858 269 898 163 232 509 723 892 584 177 344 422 426 866 348 246 928 762 125 255 707 229 840 262 706 455 67 460 357 967 582 7 694 270 559 35 887 223 80 502 446 701 137 135 682 125 398 303 585 231 983 508 663 972 547 140 940 946 169 746 637 999 19 156 225 360 850 854 340 17 142 830 16 115 109 469 653 311 585 496 877 522 782 53 78 64 320 823 257 726 684 954 700 894 513 964 709 9 935 131 983 732 766 624 129 230 663 334 245 595 843 76 206 26 917 610 517 411 149 561 259 175 684 211 370 860 630 739 291 478 883 281 823 131 247 66 711 560 251 148 917 465 792 276 240 762 316 885 918 510 430 685 911 59 839 834 887 638 195 978 769 624 276 633 826 497 421 325 123 302 796 650 454 625 622 754 559 185 816 701 749 998 246 489 420 762 309 47 293 337 152 544 499 876 188 607 646 234 565 337 251 442 939 109 536 183 492 564 42 51 593 220 804 803 428 979 86 951 642 18 648 180 344 744 101 322 285 22 240 481 368 976 48 426 59 91 906 611 729 18 440 703 557 186 258 97 975 754 514 537 939 215 447 174 115 165 72 959 272 309 393 893 236 36 273 228 805 942 350 409 795 50 831 90 156 317 283 83 131 859 904 451 979 164 653 207 823 750 592 820 144 394 940 421 272 579 53 923 824 727 281 329 252 354 913 372 174 362 966 682 522 902 155 105 343 822 533 703 313 108 203 346 965 404 625 297 877 588 856 301 637 892 989 808 383 372 605 62 197 416 766 503 156 294 429 897 857 699 996 705 569 664 843 640 929 662 116 272 303 267 832 688 32 160 358 447 92 895 171 110 803 954 848 787 918 564 910 98 521 688 194 259 466 480 717 162 549 654 101 690 677 646 383 744 364 740 765 513 795 682 727 49 116 725 266 36 494 800 659 619 610 163 654 161 27 921 590 342 55 728 457 467 767 456 673 553 215 844 944 883 312 651 98 766 690 504 171 400 591 995 925 801 352 75 955 255 372 591 341 789 163 427 154 994 539 124 871 857 724 469 780 254 304 264 109 316 554 660 371 320 39 575 587 720 951 29 434 309 843 263 894 107 493 963 937 958 159 8 551 905 643 536 348 991 59 152 349 984 694 499 680 253 989 17 632 371 329 209 235 107 369 704 208 505 143 104 312 247 710 46 664 704 86 893 711 328 810 766 411 671 454 258 695 474 759 621 356 328 855 74 197 866 390 22 118 389 421 187 350 445 386 230 883 147 688 539 735 629 746 156 425 871 839 656 579 571 161 197 392 373 135 843 846 859 650 286 18 496 607 923 113 145 67 458 525 112 217 321 868 502 310 164 795 762 412 735 110 987 447 825 743 121 387 404 184 854 136 25 342 412 166 131 644 543 115 415 143 613 595 275 498 73 666 743 640 895 235 886 315 392 379 928 833 408 916 364 584 744 298 835 483 183 864
848 162
479 497 953 687 492 96 347 859 232 617 843 64 588 958 577 341 135 662 780 826 846 55 355 786 301 850 913 513 968 996 243 997 319 168 363 34 903 829 59 114 419 78 77 953 879 956 987 531 490 264 831 36 808 338 647 914 19 109 395 229 193 962 579 665 914 150 90 271 892 948 234 737 503 589 225 436 53 2 170 339 303 880 842 431 702 597 131 935 681 859 496 252 845 865 994 821 124 962 125 159 659 354 30 911 928 996 158 536 494 210 456 28 582 789 521 386 703 434 46 378 757 566 212 869 930 73 111 871 598 380 706 737 653 365 143 496 640 203 627 490 172 863 573 21 118 913 377 331 436 16 592 856 686 753 447 611 792 568 800 421 883 924 321 584 940 931 397 836 452 848 226 468 432 801 127 883 564 484 898 826 609 87 322 842 318 27 929 80 646 576 243 32 467 113 808 710 103 497 281 2 960 705 43 412 28 137 835 152 439 786 834 307 3 919 842 963 133 782 344 203 57 672 820 675 601 619 187 761 583 964 78 817 425 865 249 358 791 655 295 762 952 608 504 582 764 398 987 927 110 677 639 431 613 466 652 260 394 853 369 455 451 425 388 395 181 81 811 436 250 46 497 348 561 61 898 136 278 816 760 981 928 946 463 812 150 531 117 20 538 550 584 989 261 298 520 87 130 460 751 656 694 210 43 958 180 961 959 690 856 283 624 25 32 673 633 722 550 88 267 894 486 601 213 927 636 640 854 865 429 896 803 817 883 456 642 713 813 891 881 127 771 723 683 393 945 4 421 539 414 57 168 978 31 601 205 794 16 875 297 390 34 763 467 559 946 684 559 792 453 307 392 440 584 156 318 789 439 216 778 689 537 608 731 323 459 193 192 861 526 149 158 294 613 587 851 647 328 161 775 897 16 696 384 490 481 504 933 331 820 877 495 878 129 369 773 30 878 670 55 968 163 214 448 278 315 104 547 510 523 96 687 516 542 584 414 553 181 741 386 883 463 588 954 638 748 496 658 43 418 579 296 49 882 614 261 738 665 525 577 659 303 513 377 729 72 530 940 483 618 377 296 342 309 159 783 662 513 9 542 151 480 786 878 985 190 999 810 837 15 623 805 870 840 601 787 483 60 897 449 747 602 657 821 676 361 347 687 69 23 995 921 142 197 174 454 29 267 152 835 654 202 385 141 560 209 48 934 696 415 913 147 858 624 367 234 732 214 963 475 675 17 770 398 396 112 891 638 510 250 619 428 140 725 293 139 634 465 401 295 423 149 389 513 290 357 954 938 540 650 34 616 439 567 513 247 391 495 768 429 98 395 333 161 692 654 22 66 80 482 653 308 140 98 753 275 839 187 398 677 441 711 454 399 96 317 63 999 494 177 796 811 352 304 968 190 79 374 109 790 984 475 743 86 258 301 923 736 725 573 597 286 593 819 725 457 451 479 202 505 52 748 116 871 250 419 734 230 224 771 176 972 484 724 857 332 873 644 749 833 458 210 308 360 383 749 689 49 826 676 395 577 512 509 605 330 601 53 955 261 2 65 703 87 783 235 292 59 733 632 580 401 265 769 485 663 763 132 113 588 681 167 928 245 728 851 677 704 869 437 339 285 544 792 988 102 848 485 760 352 830 547 712 661 580 851 628 412 18 283 973 787 817 774 700 101 326 655 655 184 455 596 231 210 222 206 965 31 575 426 103 934 287 658 690 979 507 444 211 242 537 557 998 382 957 692 531 200 495 399 590 245 258 816 506 337 248 462 893 415 226 182 37 955 771 191 247 567 376 821 336 204 722 833 198 616 16 437 362 106 446 483 215 346 526 352 681 332 685 830 239 636 661 714 166 973 417 540 615 717 483 927 792 232 359 611 921 513 234 887 197 932 137 271 881 371 224 483 755 314 95 802 646 311 439 954 408 392 660
811 658
352 836 114 373 530 561 186 375 524 73 715 798 445 481 998 995 784 241 509 873 258 793 49 810 432 914 95 814 507 399 272 123 65 634 945 968 734 672 49 88 795 716 121 187 464 795 999 788 449 188 106 229 903 719 727 391 757 714 890 934 95 59 647 137 618 575 272 482 665 511 847 333 261 130 658 350 624 439 975 443 644 408 78 269 691 960 358 380 969 609 405 139 30 223 717 500 497 446 236 611 460 511 395 579 600 792 787 693 935 755 273 329 62 877 410 452 554 717 213 346 600 974 526 263 227 681 776 542 931 582 111 376 616 632 705 983 794 271 218 467 874 749 710 43 88 147 401 375 697 494 741 57 545 581 389 167 153 806 542 513 272 660 498 694 35 169 625 277 112 302 578 874 273 823 76 87 474 68 54 548 926 687 149 29 476 975 958 762 112 505 693 451 829 337 256 214 134 791 883 766 61 558 58 129 300 321 122 295 737 646 317 801 454 312 415 426 299 962 868 622 524 358 666 487 646 754 884 579 493 935 809 372 853 330 327 329 401 537 168 516 726 706 529 444 973 889 314 173 654 834 623 703 268 869 176 777 335 44 16 52 234 758 465 852 515 667 109 638 289 788 539 478 90 320 151 611 36 350 77 292 380 495 8 532 555 994 955 424 157 171 310 528 778 962 644 613 591 805 224 134 392 293 157 93 949 920 717 755 716 755 104 523 847 91 237 939 334 434 896 709 903 290 912 27 467 981 885 994 48 665 155 90 404 174 257 794 987 68 211 71 688 41 77 625 306 793 847 478 290 959 652 161 405 965 12 489 967 199 211 68 407 623 537 999 74 645 409 34 717 842 428 75 266 925 260 554 864 244 956 968 341 570 18 4 700 111 554 603 121 253 507 275 535 26 598 224 536 330 808 294 581 906 701 616 269 24 628 754 281 961 453 731 948 332 158 7 285 851 592 549 40 451 112 596 304 91 554 351 862 799 80 217 955 423 472 371 465 460 530 465 707 776 206 685 287 471 62 23 492 939 212 1 799 241 640 916 715 969 364 906 201 992 330 272 296 918 720 562 644 238 788 882 375 548 982 85 555 624 188 806 748 812 715 683 403 234 256 647 172 398 679 778 241 707 764 809 653 988 798 642 353 304 10 216 68 141 20 455 533 543 198 587 530 861 908 201 511 410 356 880 119 834 581 843 167 251 246 190 546 653 427 314 123 320 190 34 834 410 392 432 348 688 700 246 213 550 433 319 229 710 52 690 547 404 146 665 179 123 268 556 882 1 259 461 864 204 491 899 773 648 130 456 870 289 973 164 779 495 174 990 199 683 766 633 287 83 13 392 657 286 963 920 607 854 44 893 744 800 259 911 123 424 635 179 509 635 106 587 114 457 673 224 567 155 930 694 208 710 630 89 71 926 548 398 597 554 303 467 815 447 911 636 619 806 893 551 549 256 22 926 523 964 89 487 953 780 718 938 429 974 440 101 303 74 290 479 350 213 723 170 401 822 447 730 247 554 39 20 445 324 534 720 398 937 223 477 929 405 569 292 336 977 555 759 168 693 896 227 824 949 655 681 225 349 660 557 37 650 318 146 969 630 783 417 816 612 942 975 961 902 430 265 250 719 856 498 889 735 666 266 774 261 889 310 240 86 436 734 221 272 464 523 432 902 814 511 856 779 15 260 187 629 471 431 121 750 878 415 286 599 88 552 87 552 555 689 432 233 772 993 947 791 849 471 663 800 992 111 628 419 632 713 467 719 21 436 178 993 983 815 1 549 216 457 291 99 887 90 935 921 5 803 584 966 884 8 559 558 786 13 270 262 343 477 425 411 902 59 620 74 598
906 797
446 850 995 527 785 63 778 693 79 312 446 364 990 249 778 625 316 720 280 96 165 474 746 934 431 866 181 781 763 574 403 915 649 385 78 335 508 274 238 316 494 325 634 230 63 328 259 667 492 834 727 704 694 371 872 611 483 421 923 568 355 672 259 900 231 774 862 704 3 252 72 957 19 258 4 694 459 110 237 353 182 54 293 12 9 251 327 497 943 365 858 378 126 248 686 69 907 885 265 306 804 391 182 49 147 668 128 923 845 220 254 412 328 428 906 575 375 392 495 472 668 99 728 897 760 104 496 251 324 246 256 357 464 848 775 458 545 435 830 35 933 418 732 688 738 115 890 72 290 298 931 87 926 360 548 735 363 174 93 951 454 249 737 224 369 567 248 788 473 954 615 527 726 859 485 609 299 373 955 920 374 793 263 756 537 997 653 785 503 848 229 451 817 336 854 424 152 315 561 90 282 683 209 353 533 897 271 400 820 132 249 638 724 980 571 158 272 176 488 799 581 479 160 966 197 337 824 815 40 929 195 357 884 754 367 950 984 145 512 238 552 78 49 230 594 182 145 465 114 969 890 54 942 598 138 274 612 983 437 92 330 752 148 983 509 315 782 248 205 88 807 440 427 360 442 592 292 222 729 447 421 220 46 962 75 919 558 175 234 435 894 989 590 827 779 16 188 477 925 946 209 790 846 45 199 918 655 9 976 986 835 299 873 885 760 398 585 555 503 603 309 554 104 516 174 447 489 525 574 243 764 412 307 445 880 646 497 337 213 960 327 245 357 395 899 885 367 975 543 194 212 482 647 948 690 25 140 766 243 142 569 7 510 11 4 896 447 613 864 705 354 911 137 137 998 756 49 546 402 226 322 703 11 557 89 975 295 431 975 34 256 980 754 640 246 871 949 676 323 981 48 241 50 167 61 465 791 708 593 576 648 193 220 701 287 492 716 899 45 844 771 636 849 211 273 303 419 509 917 798 961 327 689 884 256 78 536 604 166 729 307 685 469 820 574 424 877 684 650 503 886 743 717 103 768 183 550 307 146 290 337 664 422 468 1 923 848 255 549 377 540 621 263 115 246 710 10 477 823 36 926 607 193 821 851 258 775 54 670 685 460 996 470 606 580 427 498 134 323 563 121 613 745 623 866 148 558 689 666 367 853 475 991 682 295 500 629 692 455 529 31 969 103 955 42 700 986 747 669 265 342 603 349 186 69 223 896 307 900 830 942 670 522 182 544 205 174 248 371 405 477 421 434 961 215 397 395 157 914 60 231 971 945 507 356 593 966 893 66 640 144 27 743 15 9 167 750 199 36 472 116 367 974 842 628 618 710 641 182 669 809 258 296 936 870 823 642 611 553 421 209 548 368 900 671 280 898 138 20 349 768 541 560 651 304 582 205 611 407 968 178 321 971 480 782 117 142 869 169 100 574 742 780 750 412 970 283 238 969 331 959 75 959 241 411 224 423 502 402 969 294 293 414 45 611 680 952 822 445 727 300 663 94 359 212 844 949 234 637 640 658 33 992 53 882 746 36 761 387 299 499 877 673 22 695 460 251 921 459 5 723 295 404 254 220 55 798 131 140 904 918 974 114 268 698 133 170 93 92 753 574 991 430 864 660 486 741 328 849 597 158 986 281 276 182 245 697 168 869 730 173 475 875 856 522 206 588 196 261 673 399 674 9 492 733 169 29 335 615 998 935 942 451 289 507 210 146 427 614 147 338 92 931 524 213 718 412 109 825 927 630 374 895 770 918 542 774 208 380 625 140 771 688 274 954 505 5 996 925 839 629 233 652 418 844 625 134 544 454 722 338 498 805 798 609 183 526 344 867 261 839 233 218 744 195 762 206 848 553 58 40 970 92 107 581 688 409 820 600 444 373 286 299 359 404 629 374 578 980 933 837 71 703 389 976 565 428 354 992 657 104 453 894 649 554 791 651 418 681 930 841 197 21 954 679 682 350 198 305 584 932 88 729 493 817 72 561 346 152 172 401 738 130 850 685 396 618 237 610 539 832 175 147 778 904 667 221 239 906 233 135 66 813 547 598 229
114 76
951 116 278 262 962 649 842 952 238 290 101 905 402 571 788 139 383 924 883 523 532 498 631 592 387 28 533 193 619 257 517 393 319 821 488 40 733 585 38 150 960 76 628 358 793 785 168 788 195 326 820 433 859 700 704 409 425 132 500 381 950 217 737 167 601 133 292 506 563 650 581 608 107 645 747 470 159 346 333 953 414 253 102 711 15 222 703 763 814 479 157 113 620 554 263 42 167 555 928 989 620 944 398 647 423 38 173 599 499 984 164 565 477 950
655 291
869 708 239 816 929 920 655 124 235 36 549 736 247 829 502 878 247 177 878 382 524 633 866 349 216 965 479 258 38 194 32 488 775 2 845 556 656 988 915 413 798 783 367 942 504 325 788 216 71 243 877 132 310 757 186 32 582 16 424 617 885 902 813 86 681 554 191 90 2 734 904 417 232 792 306 667 598 687 386 267 524 763 714 809 303 232 678 281 244 269 56 817 2 425 82 656 835 511 839 408 509 474 159 344 512 545 174 758 407 460 437 678 448 322 129 570 591 760 887 653 903 516 652 71 152 46 435 826 1 440 677 49 468 71 287 243 360 683 3 720 658 954 107 559 128 598 887 310 970 975 959 815 722 368 758 714 901 394 400 269 534 724 81 917 682 112 720 971 219 895 262 4 975 878 65 529 562 706 43 630 740 683 738 39 340 110 185 317 347 383 282 500 59 776 732 1000 514 458 333 842 348 737 325 446 952 897 353 74 295 884 833 884 466 996 295 531 491 779 452 455 826 257 542 209 548 311 354 158 955 262 85 802 613 689 293 346 779 761 297 650 476 496 540 49 591 2 606 386 655 535 192 155 611 357 956 115 103 614 26 520 184 730 724 86 902 546 758 547 635 882 350 323 797 724 228 96 505 656 818 400 34 184 843 499 785 611 524 693 934 765 870 14 940 960 509 131 570 254 489 584 972 173 669 722 341 647 988 219 462 939 927 88 834 82 225 641 157 935 933 414 39 206 714 249 198 925 838 997 365 50 741 750 965 867 816 482 659 649 716 660 925 319 4 644 835 844 586 185 926 363 41 976 78 527 996 304 193 132 373 582 85 453 359 258 34 265 55 197 633 741 352 518 736 64 78 245 316 322 909 935 32 356 71 626 825 23 924 147 623 519 748 77 519 871 264 432 1 896 491 196 312 257 991 463 642 636 863 722 233 215 573 769 669 967 767 415 917 872 821 406 476 227 101 269 462 978 987 120 244 647 568 926 132 703 370 832 799 34 560 249 473 764 129 426 675 87 560 860 496 807 646 752 664 819 713 59 848 597 754 833 224 494 424 949 963 433 478 228 592 457 908 146 686 24 16 381 537 730 573 537 27 124 440 749 255 198 782 278 647 373 690 872 500 483 830 285 817 219 37 286 698 739 470 672 403 761 894 311 787 170 69 655 112 212 384 281 542 565 417 461 81 365 777 407 458 684 68 163 393 50 591 926 640 469 142 515 668 750 266 193 440 836 288 831 904 504 742 138 104 858 538 207 527 397 713 133 698 705 574 719 393 405 478 573 762 22 195 436 966 488 744 150 590 1000 673 84 290 902 339 313 747 156 641 14 859 439 699 355 721 761 549 228 971 665 842 148 989 667 151 492 973 330 365 936 613 497 422 25 403 155 867 720 915 372 825 507 500 37 873 425 21 617 834 558 824 755 960 313 148 582 464 240 711 86 444 279 957 792 354 670 930 884 670 502 358 170 486 949 850 510 249 9 445 579 78
319 68
764 234 263 888 579 640 236 606 212 836 17 467 958 605 235 586 730 462 462 79 879 359 302 121 20 661 534 815 257 361 522 208 846 636 690 326 440 392 194 89 857 269 121 599 660 110 868 683 678 460 35 332 631 24 980 631 434 786 806 648 120 670 655 682 283 45 493 971 891 50 505 668 979 554 80 319 712 389 46 284 74 900 996 908 498 115 425 253 75 680 895 381 304 500 80 616 315 716 120 770 664 349 393 652 493 601 921 578 295 871 541 701 153 164 193 604 826 647 8 877 816 119 946 456 489 81 884 224 58 634 774 982 288 300 593 534 899 620 525 54 254 37 343 74 655 409 289 656 62 890 862 625 334 4 907 4 219 288 100 366 328 8 724 805 50 517 67 330 480 163 764 414 754 438 707 598 967 687 218 114 289 394 447 958 730 777 821 583 835 102 217 418 758 586 308 51 914 418 613 999 615 473 553 370 469 431 690 768 795 637 837 256 386 700 424 540 214 120 412 766 352 188 697 854 839 299 401 722 907 564 863 698 627 930 471 238 28 20 867 232 551 819 950 904 971 151 791 306 141 832 281 533 643 942 771 438 293 193 124 939 94 53 71 138 634 985 925 641 444 967 420 801 527 366 460 138 778 312 407 785 193 445 491 748 710 528 448 108 799 312 294 801 464 640 558 322 820 452 465 382 142 279 640 317 633 715 815 147 173 252 104 113 40 356 250 390 701 638 43
393 41
817 18 685 919 274 208 462 679 498 489 150 711 699 440 673 326 663 744 528 632 288 250 607 494 344 257 371 248 489 350 524 860 704 418 932 525 750 456 471 255 309 104 861 153 673 882 816 416 113 380 743 599 169 815 917 561 368 471 100 585 866 444 85 305 916 969 77 737 817 599 156 818 249 710 352 200 529 402 448 272 471 782 55 987 586 34 310 692 360 331 804 808 30 955 53 548 797 530 772 743 903 305 87 255 935 786 124 115 919 100 140 201 894 488 20 398 331 378 487 940 685 789 41 878 66 351 727 705 559 866 365 137 283 178 517 963 174 128 231 13 651 318 840 89 181 82 783 499 622 901 379 480 658 604 226 219 376 595 479 589 821 236 274 752 438 945 144 330 138 313 896 217 113 702 380 727 743 556 14 229 18 115 257 374 776 21 668 698 738 889 939 291 429 412 997 67 509 241 743 516 697 68 34 183 240 485 372 763 441 504 376 615 558 596 998 593 455 749 47 987 310 149 171 430 272 521 333 230 177 846 325 40 404 327 437 227 504 712 417 109 449 92 336 996 817 166 108 596 216 261 319 96 305 300 642 887 527 718 69 893 752 914 274 322 976 154 380 120 705 479 263 865 696 929 773 515 554 473 904 286 735 246 686 111 475 338 830 905 488 832 718 926 299 76 609 227 679 681 716 557 99 626 41 295 11 394 367 744 134 732 618 824 164 381 321 481 586 839 975 463 804 948 13 703 284 564 633 130 984 253 10 528 430 796 434 899 568 239 924 609 434 943 156 991 859 122 355 849 908 200 284 9 318 235 126 695 814 847 653 397 750 784 755 174 546 615 58 165 70 732 504 982 886 507 535 459 160 349 952 453 287 882 703 275 610 734 777 858 921 630 982 366 798
540 375
930 709 232 229 28 409 701 454 616 693 256 277 228 690 314 920 830 126 247 226 448 174 100 333 958 113 990 988 916 290 914 588 429 55 122 82 753 717 70 425 691 207 74 117 248 691 331 455 884 888 26 708 520 25 315 744 158 715 252 897 929 455 847 728 779 314 656 589 443 501 240 613 827 725 740 250 447 650 239 22 704 243 592 281 380 378 753 215 406 1000 14 946 142 470 479 799 168 96 923 333 715 413 660 989 542 791 736 132 20 351 417 655 523 736 384 149 77 277 467 275 174 155 160 471 327 724 305 867 589 576 841 880 422 593 467 413 301 780 674 20 746 167 212 102 235 395 9 952 884 995 635 858 205 332 435 237 921 264 761 179 730 676 480 488 786 692 973 925 395 350 469 553 400 626 255 573 793 841 107 122 869 659 756 579 563 206 927 336 579 431 741 858 233 621 96 479 314 923 671 265 333 722 170 334 321 670 719 397 548 16 835 44 964 546 826 207 230 232 351 354 30 694 145 273 939 648 466 760 754 435 830 818 182 120 995 52 878 478 138 522 531 726 960 519 533 886 725 660 138 22 141 37 697 697 266 326 841 393 757 63 554 796 611 729 924 219 772 893 506 988 843 618 109 141 412 850 65 221 322 283 784 197 994 286 461 697 241 838 370 359 594 241 596 313 22 617 572 558 782 100 884 13 463 636 516 412 687 337 550 918 254 77 799 163 667 573 936 968 355 743 785 886 807 808 316 57 488 491 495 446 392 601 982 271 411 951 308 302 36 190 801 257 214 138 458 661 159 674 310 637 746 624 927 219 822 798 262 525 509 319 662 148 108 326 664 423 118 846 333 783 877 617 379 565 705 753 946 402 82 649 732 559 409 773 971 733 946 752 235 904 247 563 174 480 355 322 397 151 566 710 425 115 553 242 773 666 291 718 687 201 437 952 372 425 976 589 374 76 134 344 708 789 161 661 585 822 161 206 303 258 622 64 778 530 860 837 474 488 998 164 660 879 120 303 937 922 873 78 632 128 714 266 997 849 590 570 949 803 717 884 156 157 545 509 389 381 353 442 252 122 723 393 809 12 792 595 446 633 697 618 709 610 446 55 856 381 754 454 746 244 89 787 996 731 507 965 777 265 167 923 732 921 888 451 355 203 480 87 172 153 207 973 869 521 545 251 203 828 985 65 288 449 122 280 479 635 447 713 339 409 923 667 769 595 634 918 333 550 715 703
266 47
121 762 492 881 881 263 756 160 622 642 264 553 560 308 904 619 616 169 676 500 435 141 338 989 477 962 40 814 639 782 226 573 998 477 119 236 840 5 818 253 657 861 514 8 688 881 941 150 801 706 155 190 427 451 149 317 672 901 929 899 487 12 449 455 735 443 497 791 661 995 559 869 449 552 986 765 685 577 980 441 967 478 870 335 276 553 444 244 647 50 610 854 700 256 787 549 712 702 573 549 439 562 330 159 98 362 349 547 491 676 95 639 729 673 71 966 916 177 143 458 895 430 194 772 461 336 13 53 110 361 862 449 619 218 71 856 993 702 654 73 217 181 274 416 892 389 615 827 600 434 577 91 806 26 825 752 928 994 577 690 101 445 184 339 419 555 259 310 755 138 944 228 930 33 806 197 273 730 451 128 923 513 260 178 719 931 1000 921 809 419 590 924 986 218 989 461 935 618 750 642 111 668 86 822 745 740 753 391 720 395 630 862 692 957 767 676 960 646 807 865 858 281 874 155 353 565 433 96 91 562 16 328 439 328 994 401 815 401 691 434 819 96 341 375 459 699 690 962 694 991 77 909 771 680 161 801 461 77 378 523 788 747 384 560 165 414
218 45
308 975 142 900 692 59 809 981 349 884 777 394 484 287 697 695 598 43 383 932 641 563 668 37 683 55 274 741 147 896 519 863 390 198 180 303 709 598 71 684 959 455 127 43 699 914 190 223 267 366 258 633 707 887 117 951 956 990 311 8 344 388 652 911 468 438 154 637 859 262 691 361 688 875 857 762 32 306 878 631 805 207 633 851 221 109 848 20 789 316 422 305 723 991 349 373 144 369 199 445 190 99 749 217 382 538 192 225 2 679 793 825 22 630 399 577 850 755 786 357 389 845 836 209 198 258 331 950 50 940 631 104 725 454 15 684 638 7 415 724 94 196 198 469 659 356 353 319 811 269 726 958 178 793 390 62 121 729 602 322 853 336 861 880 435 287 212 516 140 795 512 652 250 966 370 285 394 248 154 872 531 498 936 674 534 537 423 119 405 464 715 443 685 152 879 439 632 9 57 443 489 583 19 661 887 712 521 260 589 881 255 472 787 120 328 309 543 786
125 16
984 901 947 790 357 261 614 430 117 270 535 684 4 922 724 492 194 958 796 718 353 453 330 739 531 966 889 982 379 683 237 366 968 368 132 473 304 914 864 19 784 896 491 859 659 938 27 830 761 299 104 149 636 36 678 59 258 468 122 576 315 281 476 409 561 115 910 727 351 244 143 812 849 604 406 1 778 76 47 222 374 348 600 990 361 2 572 176 624 651 270 743 401 668 407 54 532 134 568 328 480 318 219 600 162 723 955 193 176 651 249 166 11 736 401 854 329 621 177 950 304 571 705 906 839
661 72
498 874 43 922 97 226 613 174 587 316 829 677 180 515 846 320 61 430 84 331 612 60 593 676 142 525 987 977 45 629 543 466 749 868 749 398 882 298 748 489 285 634 763 826 481 677 848 243 482 457 557 389 76 451 664 796 278 33 82 793 779 83 565 691 530 90 835 619 804 511 735 282 595 478 855 917 825 512 195 113 440 708 751 484 924 720 117 432 307 264 618 200 219 644 822 594 704 617 974 802 790 589 100 365 879 600 482 667 211 869 156 238 428 683 119 675 66 459 695 104 279 233 581 375 388 706 996 728 983 61 235 319 78 611 858 900 690 77 822 96 222 668 893 861 62 646 396 944 553 869 69 237 309 846 798 659 865 873 41 968 532 305 553 565 770 648 460 854 77 336 599 495 240 585 585 855 658 514 370 28 718 23 770 143 87 575 124 707 331 537 962 471 18 543 945 417 310 859 145 413 310 167 379 484 25 395 243 456 620 27 378 191 509 260 945 836 824 303 135 362 646 422 846 500 431 190 147 350 533 764 915 323 125 950 694 788 936 645 542 513 640 237 789 98 847 724 681 174 41 395 672 475 658 221 408 657 884 374 758 619 892 729 794 272 750 903 768 89 552 493 604 426 677 606 43 955 438 97 958 401 443 909 791 54 593 750 215 204 843 786 222 206 285 799 805 129 68 693 801 985 512 416 754 191 420 573 315 703 580 514 313 556 465 2 625 282 262 948 948 521 236 544 249 299 377 465 768 621 308 568 457 116 403 10 597 63 658 4 264 779 502 852 954 443 692 706 554 894 736 946 995 490 262 708 153 187 329 478 543 775 684 129 708 277 324 775 396 517 598 183 136 551 126 341 704 494 179 128 388 187 188 610 752 612 326 277 374 567 718 74 988 514 99 756 261 443 143 974 400 16 632 792 852 958 407 64 609 394 773 348 826 752 959 207 874 591 196 223 398 321 956 399 254 796 536 849 649 158 682 458 169 468 106 496 980 622 30 170 505 579 503 446 383 65 268 201 741 304 39 175 305 107 856 648 147 681 954 782 73 660 259 550 533 812 265 347 403 30 198 828 790 623 40 186 518 675 832 378 461 401 86 282 338 44 488 871 425 118 566 130 524 118 508 742 780 623 239 206 340 536 251 382 830 654 107 867 908 887 753 752 978 748 905 271 395 484 646 133 452 478 631 120 880 476 792 611 889 401 317 794 640 858 631 113 918 230 668 107 950 911 796 717 333 177 140 467 672 957 220 833 888 360 164 178 159 474 132 373 422 606 164 830 898 9 886 344 275 200 54 270 172 845 491 789 900 21 74 320 16 119 892 765 83 765 167 374 432 632 280 338 773 226 208 480 952 33 332 38 295 58 741 650 343 452 443 311 240 936 47 582 439 639 985 655 767 903 144 567 246 388 3 907 445 41 869 336 395 339 730 157 973 164 744 38 956 734 262 61 910 443 696 198 562 453 171 606 75 30 749 267 889 61 30 615 772 985 782 45 636 949 266
141 82
252 492 432 108 136 254 312 455 556 501 995 982 330 894 359 898 538 231 812 310 87 399 151 846 844 779 9 267 531 728 953 577 1000 551 638 326 183 467 238 467 577 201 610 586 291 267 569 842 319 638 313 912 26 462 9 223 521 150 820 417 629 803 83 790 765 322 283 156 431 736 652 881 976 376 839 499 685 638 783 706 885 271 145 867 750 151 56 633 231 45 608 991 741 375 973 179 644 524 713 895 377 386 488 272 946 785 350 555 419 311 423 782 502 575 451 560 742 794 150 821 73 845 88 822 582 561 671 304 518 170 606 206 566 777 803 9 45 461 88 769 691
982 918
542 922 57 262 458 493 179 101 527 680 658 928 887 942 814 143 631 395 669 252 968 933 582 102 664 324 662 763 442 481 889 124 324 255 116 787 692 713 135 851 28 794 198 636 419 240 202 969 68 679 228 86 166 582 346 719 185 30 390 583 586 925 355 428 158 174 440 673 678 986 644 607 48 452 134 544 19 314 681 353 182 947 685 900 565 146 362 825 528 658 716 297 495 727 382 615 57 730 389 482 988 511 573 902 911 177 298 278 266 496 88 206 213 649 683 955 817 629 182 296 491 671 675 935 927 228 641 752 796 987 40 186 46 771 192 762 752 403 634 81 119 330 923 25 118 982 150 181 874 339 785 857 462 510 447 114 498 748 384 763 363 431 174 686 498 535 368 128 22 959 419 761 404 829 472 43 529 996 505 49 896 628 376 852 994 528 143 958 944 171 413 226 597 139 472 230 189 239 252 584 338 453 336 248 167 998 540 762 567 201 353 832 606 12 783 206 14 245 952 925 871 317 575 920 955 84 614 611 966 649 670 637 490 561 300 532 216 44 688 929 665 115 64 142 790 707 1000 203 839 650 491 568 52 614 675 968 32 925 299 494 303 155 258 699 556 167 341 169 729 676 845 905 622 279 375 328 119 134 213 663 247 199 264 721 447 366 327 664 692 837 10 370 50 250 610 478 547 722 260 353 423 970 255 265 511 233 937 42 756 29 681 907 818 278 515 712 753 373 265 660 554 767 732 750 550 532 310 106 938 790 644 473 262 739 54 633 413 492 610 992 667 598 523 295 407 597 145 550 863 643 908 605 634 337 79 803 25 623 767 898 780 277 718 432 312 512 516 319 188 154 587 555 793 272 157 592 121 762 92 20 152 356 813 824 787 510 639 574 8 789 881 793 376 962 838 263 852 969 234 63 799 408 339 156 274 811 801 406 174 983 694 906 743 219 976 575 336 195 435 258 316 12 101 704 948 773 618 117 650 85 300 866 483 880 746 910 472 756 421 443 289 493 598 262 141 740 678 912 905 724 837 45 381 116 989 209 378 598 489 997 818 987 783 833 602 786 51 129 837 916 262 695 634 771 500 985 681 932 859 489 983 511 893 636 654 496 740 233 141 166 895 338 65 532 138 6 244 176 285 259 559 552 27 861 305 806 436 41 468 589 638 832 307 338 30 206 658 452 958 546 234 375 730 486 601 244 929 658 817 164 303 346 42 509 27 266 735 177 699 864 69 326 660 658 164 22 218 121 467 65 402 422 914 891 414 199 10 910 925 736 44 475 974 707 741 149 982 903 387 638 79 156 108 728 299 602 461 597 408 20 411 82 22 651 614 862 318 899 632 772 115 209 680 958 99 633 223 916 332 205 204 467 746 259 806 374 340 497 997 264 6 937 937 475 317 631 935 943 671 224 217 889 333 487 744 799 355 747 382 444 246 611 748 777 6 523 632 265 959 929 757 469 160 763 467 938 339 434 442 997 565 276 444 734 276 922 244 326 457 70 845 524 353 157 522 250 190 427 686 226 767 28 607 92 492 806 525 763 845 156 707 867 485 370 772 806 197 721 406 30 632 50 449 462 38 121 347 398 117 463 782 465 232 982 756 794 33 701 592 74 94 685 945 935 706 99 694 771 176 751 731 384 649 273 102 61 612 284 958 322 323 652 475 229 564 180 29 573 432 761 913 117 509 745 965 344 645 950 373 343 540 553 339 96 331 363 466 149 601 816 182 499 251 762 491 812 341 182 932 121 147 749 211 23 917 989 376 146 137 65 642 25 429 254 914 870 546 425 975 706 769 380 479 343 690 230 872 845 217 856 582 394 899 293 474 462 774 555 611 792 797 253 990 438 902 147 298 167 520 337 990 124 109 202 620 748 847 188 562 663 10 491 774 399 527 60 810 676 250 533 948 675 4 537 249 520 268 689 916 901 630 602 304 944 335 533 249 636 424 45 433 815 891 428 963 347 895 939 595 367 636 978 630 77 329 907 441 316 679 460 183 170 753 214 612 445 385 344 418 322 357 684 341 108 738 315 682 656 608 997 587 97 400 397 448 588 914 292 768 272 585 35 51 173 935 332 232 855 825 437 228 360 174 552 66 471 890 118 508 387 719 88 648 718 773 433 307 826 44 682 835 98 419 104 921 532 652 932 757 215 915 297 488 738 340 524 955 901 732 298 10 781 567 234 940 482 895 686 425 707 320 259 219 797 966 922 426 942 931 919 201 396
213 196
800 906 318 659 125 26 105 846 156 788 604 746 99 413 197 339 403 933 816 640 343 232 686 178 856 339 878 514 745 226 610 900 699 493 620 719 780 601 809 533 843 103 264 134 690 14 790 989 929 354 866 413 520 771 829 609 410 866 872 239 836 143 835 69 358 817 879 442 58 542 451 471 997 244 194 821 703 122 714 863 675 550 419 634 512 888 820 950 918 182 468 754 820 283 37 125 631 959 168 628 800 383 790 783 245 265 746 445 847 738 44 78 428 79 504 476 87 366 683 143 232 287 375 509 221 80 456 902 653 738 335 321 261 726 753 763 974 430 233 87 973 484 124 660 921 622 382 384 148 258 115 561 856 431 730 616 680 97 756 237 108 403 890 206 166 390 783 16 970 729 121 408 627 881 972 863 49 1000 568 178 544 512 622 865 801 899 330 370 510 882 167 898 335 43 616 273 56 88 146 977 68 754 535 535 756 566 279 48 846 837 390 49 785
796 637
668 63 900 62 6 356 975 564 928 991 49 358 122 575 220 319 478 487 470 69 928 838 860 533 777 872 555 889 374 317 566 644 113 938 245 637 975 47 618 836 781 803 307 386 14 972 279 233 991 72 887 287 10 780 189 731 786 878 622 327 604 717 376 369 36 605 536 598 945 550 1000 472 323 184 630 860 611 478 640 697 796 845 757 517 6 591 561 473 465 256 835 339 826 471 778 933 409 285 174 277 885 838 939 101 661 555 592 747 423 141 532 943 464 222 857 894 446 788 948 875 339 296 555 824 598 840 921 202 202 480 510 888 658 74 188 756 374 680 925 997 613 682 801 211 139 800 1000 668 43 676 38 518 426 787 423 30 579 77 620 196 279 918 562 296 388 690 826 764 507 385 552 548 928 30 987 35 441 861 115 95 95 606 119 33 612 747 991 444 415 764 600 113 225 667 506 655 689 729 491 68 927 856 210 420 19 203 104 716 918 434 733 972 622 522 186 31 162 860 225 471 54 745 925 306 697 212 757 942 788 219 817 623 124 27 507 810 833 61 477 872 376 628 896 119 817 572 989 6 469 98 854 677 778 787 949 891 865 479 153 194 325 189 793 306 243 891 472 846 654 470 600 230 475 660 605 139 529 213 211 992 24 258 48 920 218 743 713 495 554 722 139 241 952 302 883 554 495 875 831 867 961 582 460 459 158 656 166 280 4 611 894 77 478 956 102 290 638 479 847 757 42 66 930 462 780 743 680 37 422 356 871 769 878 908 82 567 215 313 188 671 985 144 877 547 738 905 922 261 939 115 471 84 270 162 489 450 92 44 72 961 647 853 495 388 97 809 176 368 714 368 31 374 724 669 151 207 827 10 905 87 917 550 190 382 126 355 933 599 75 827 839 277 525 225 185 628 764 847 893 498 244 38 318 445 245 938 215 16 872 939 94 949 368 321 987 358 127 588 559 938 53 402 70 190 361 820 701 159 311 647 262 273 610 133 521 175 765 885 888 711 588 277 584 722 802 859 380 706 127 282 271 936 559 622 297 784 628 921 777 993 752 903 837 735 74 564 2 174 392 670 579 896 293 459 288 378 590 204 940 911 156 31 635 500 388 180 198 152 676 948 578 960 627 887 878 534 795 69 35 419 225 299 615 176 113 918 966 367 507 410 591 66 884 739 53 386 930 575 622 400 369 453 974 903 110 712 294 638 745 17 768 664 514 281 157 464 965 54 529 549 376 585 458 278 471 843 521 1 98 841 33 493 116 829 374 112 388 406 758 977 702 838 314 707 224 588 553 796 883 737 913 810 946 643 722 687 902 464 978 557 349 282 565 434 423 387 426 894 973 106 636 754 531 850 62 100 555 843 289 361 702 763 14 823 524 894 934 811 720 718 753 258 221 703 430 718 869 168 830 323 798 256 92 553 214 84 558 628 122 574 944 714 611 267 260 362 122 321 332 576 99 684 39 751 643 45 617 150 253 848 67 954 75 12 703 714 139 911 809 525 274 836 2 445 811 249 562 394 453 996 174 86 95 564 127 396 658 942 308 326 319 908 596 738 528 990 836 275 510 115 248 900 128 479 960 415 325 292 170 752 328 305 122 771 296 150 102 160 311 897 512 216 526 619 510 310 279 323 242 445 346 971 908 453 911 510 187 235 750 220 323 632 120 569 807 230 594 368 997 786 889 3 382 30 761 598 818 720 357 679 16 822 220 331 522 290 438 887 518 211 34 265 512 797 969 973 172 526 502 559 27 943 250 756 112 805 24 559 358 234 89 948 955 912 419 427 279 481 606 876 456 378 886 729 817 232
188 155
980 422 665 436 292 394 313 4 648 604 278 37 117 686 362 745 569 296 571 163 901 998 142 940 879 310 613 874 864 913 544 854 249 658 149 107 241 342 431 297 94 64 768 618 13 378 136 619 138 719 160 366 768 476 54 850 113 731 741 51 758 474 235 362 122 109 271 469 763 127 808 815 217 929 741 597 195 311 557 830 677 554 901 728 816 730 343 722 46 234 726 18 206 517 836 550 994 785 830 301 194 735 623 376 736 238 614 402 223 562 749 813 297 242 95 615 117 415 568 728 57 842 806 171 789 980 177 801 28 356 840 710 162 490 297 7 522 891 918 323 530 795 68 960 762 454 951 140 410 796 324 687 249 465 592 869 433 274 992 361 174 333 113 638 888 947 777 135 652 728 46 204 507 195 375 545 682 732 507 219 746 36 355 73 809 791 799 665
954 244
907 973 662 933 321 555 525 632 781 778 561 761 600 325 382 290 1 996 333 599 849 390 484 144 948 574 189 643 109 950 594 6 838 184 179 61 93 568 22 681 345 830 210 554 169 604 92 342 429 630 865 564 61 320 381 634 922 956 513 623 321 611 92 598 376 759 720 196 437 577 764 869 490 407 979 923 802 905 889 522 691 823 307 972 283 547 296 888 300 182 309 932 625 938 152 221 388 121 700 897 650 781 978 909 215 342 225 6 761 886 69 939 72 319 268 189 418 513 803 218 507 57 840 311 180 457 223 494 449 266 707 557 896 767 305 915 828 4 883 102 699 427 137 273 567 309 597 167 201 539 105 773 815 438 379 778 452 975 785 219 343 809 595 72 430 897 352 191 925 206 229 5 95 899 793 20 367 271 956 786 892 433 241 40 341 744 878 440 541 703 915 698 292 441 978 537 601 654 793 624 52 202 116 760 843 473 331 703 861 911 50 340 401 71 573 595 613 680 851 659 60 666 634 488 170 631 697 585 340 277 998 568 816 216 969 562 689 280 537 922 346 365 116 314 934 427 962 956 895 441 113 256 33 313 292 743 129 769 410 875 386 228 211 696 692 966 509 888 60 2 886 132 884 496 254 571 47 346 148 151 739 324 154 564 162 141 964 793 308 165 721 129 542 385 820 845 172 564 188 802 463 126 699 324 604 2 903 195 268 840 168 737 396 186 153 22 233 288 457 231 729 321 530 82 708 310 534 512 628 713 10 574 333 622 691 883 27 504 823 660 186 994 504 594 231 570 777 891 683 532 474 429 278 629 599 923 676 634 296 947 140 653 71 603 736 743 912 647 382 199 651 407 250 649 392 80 565 609 748 605 688 311 118 131 198 462 419 660 632 992 961 837 161 53 277 909 114 781 110 382 820 495 862 479 296 909 612 486 753 499 773 550 953 528 492 759 139 62 158 433 308 445 80 30 653 465 84 515 94 50 63 605 463 152 768 118 977 208 169 987 101 466 646 792 121 239 911 631 942 133 521 130 915 618 95 932 597 154 127 699 276 827 476 238 417 749 186 420 890 834 866 775 9 853 151 699 208 309 513 700 338 794 154 219 684 363 500 968 723 730 409 433 215 627 459 936 988 691 890 141 529 843 937 322 656 267 427 480 104 476 841 588 480 859 655 462 941 637 464 584 387 430 705 972 636 956 902 739 271 419 898 425 441 675 453 439 708 562 534 489 84 414 776 466 10 189 100 3 595 266 233 875 509 423 986 412 255 540 433 879 999 466 541 161 748 62 202 305 578 625 243 284 275 749 43 537 11 880 634 822 380 653 175 741 595 747 331 511 928 784 437 112 842 32 951 407 523 916 836 228 39 376 183 748 884 521 563 80 347 217 316 241 654 337 608 392 71 25 781 122 495 549 250 728 386 209 272 510 16 558 13 818 64 400 305 65 218 305 547 23 738 681 68 275 409 399 124 836 89 285 686 781 670 844 757 862 17 118 926 920 164 868 944 670 229 640 272 115 223 535 437 63 142 125 1 145 15 452 401 212 978 144 186 609 735 24 414 771 705 816 663 206 818 572 317 220 609 323 765 428 896 616 735 771 998 987 1000 262 196 721 279 794 976 191 965 357 777 637 987 522 375 768 858 63 603 818 752 809 59 940 528 408 485 935 92 59 265 949 148 370 235 618 79 941 647 284 858 806 548 915 510 843 799 183 40 571 712 940 429 358 380 716 8 987 587 66 87 411 330 506 918 456 156 294 413 93 752 190 12 744 291 548 84 41 747 385 461 439 194 601 415 536 12 716 367 527 577 252 212 782 929 425 808 404 821 426 366 615 376 462 109 204 423 188 277 990 932 150 806 826 752 885 397 5 50 930 870 845 688 881 845 29 488 620 57 90 345 373 856 834 889 394 220 437 779 727 165 862 77 765 932 746 244 536 111 609 355 225 29 833 392 29 594 717 321 286 317 933 571 961 34 204 988 437 154 550 779 622 552 531 614 1 911 695 230 35 276 136 339 662 851 780 832 10 758 238 382 276 399 89 646 756 112 450 556 350 573 967 851 344 819 200 8 42 523 901 604 358 809 937 813 889 869 57 309 540 592 977 737 174 133 451 29 690 364 166 984 580 786 156 715 293 279 598 472 461 652 666 141 735 528 885 447 142
590 118
58 610 102 406 752 182 172 592 159 282 796 519 414 592 328 48 942 777 799 832 709 332 195 763 850 740 273 696 104 122 783 895 471 163 374 388 61 47 669 257 69 57 331 873 828 295 303 749 981 68 718 640 820 562 109 588 379 955 410 599 354 616 554 747 884 901 498 466 903 246 428 698 817 314 715 222 670 130 960 278 907 458 461 996 954 950 25 907 543 676 178 824 527 359 285 837 738 286 351 837 608 419 215 792 634 102 754 520 113 355 428 707 553 284 778 915 862 358 185 203 891 179 798 920 879 820 865 135 861 210 987 701 676 78 664 735 210 479 647 82 756 217 386 731 884 713 186 426 41 622 25 258 517 49 937 334 275 830 921 266 883 465 688 410 313 68 140 159 477 30 891 751 654 719 565 447 762 608 236 755 169 642 182 181 799 416 315 259 247 958 708 40 237 595 457 760 613 456 77 74 827 339 555 562 939 492 871 799 376 534 880 689 295 305 319 556 874 565 56 829 452 647 213 770 461 797 779 225 952 349 547 340 419 79 488 743 860 137 872 207 814 924 554 748 114 408 742 870 81 158 137 203 597 753 823 859 140 805 681 841 363 389 397 989 310 905 43 132 467 743 694 441 699 538 465 943 67 109 199 201 680 953 338 143 111 987 180 964 173 424 750 233 770 233 67 262 283 484 810 621 505 721 995 907 689 773 621 592 385 370 624 831 977 233 850 358 603 725 420 408 147 205 830 279 740 69 838 140 618 555 348 733 57 518 911 66 49 55 133 177 133 489 668 543 67 182 673 83 41 866 958 38 236 735 449 144 537 651 261 896 349 302 729 770 500 53 746 685 257 92 417 63 549 41 76 731 787 838 9 479 66 846 444 351 877 716 589 518 129 764 639 713 924 624 252 138 352 838 400 187 840 644 935 843 756 224 193 570 763 201 383 510 934 286 952 101 863 10 296 207 412 585 872 130 709 118 923 249 549 228 531 366 581 174 293 940 325 423 32 303 817 5 234 53 268 17 197 479 590 383 927 381 370 901 979 25 811 711 577 465 901 853 802 706 299 852 919 891 795 987 700 792 320 838 316 762 547 121 548 941 489 836 881 542 588 783 806 547 814 94 681 342 47 979 83 730 743 997 872 814 150 746 873 132 446 400 39 732 935 987 178 566 102 776 975 633 180 376 925 911 387 222 310 235 313 49 156 542 609 960 949 666 446 996 876 735 535 818 212 409 525 51 631 160 269 273 989 827 285 373 915 719 273 745 293 269 825 920 493 853 319 965 370 246 707 139 528 869 82 154 7 804 668 752 477 124 254 110 964 538 765 777 340 534 402 523 169 888 901 257
234 142
476 785 229 928 111 546 534 829 677 88 371 24 866 528 173 646 912 417 15 336 774 103 837 915 462 806 95 950 615 929 753 92 215 971 578 978 170 767 188 851 803 415 454 374 359 253 484 196 245 791 814 231 245 445 879 35 159 757 324 142 403 996 843 360 940 104 807 255 411 939 804 676 302 464 163 808 768 146 111 34 420 488 712 703 680 761 68 14 549 50 545 888 992 364 926 581 697 680 488 241 821 239 48 678 774 262 547 958 522 603 798 94 96 309 722 569 88 760 371 264 394 249 283 365 271 900 28 636 940 499 663 369 824 358 553 76 622 129 384 302 125 202 30 667 963 135 389 528 567 274 908 670 853 371 927 328 718 68 394 157 563 121 722 635 780 532 610 118 837 572 504 668 247 165 21 947 193 264 554 663 251 228 457 709 568 990 816 72 424 517 343 449 604 593 361 493 777 138 708 559 344 847 447 466 970 961 377 75 115 222 708 349 157 409 274 104 665 718 752 606 677 995 168 994 673 239 686 426 510 474 137 711 378 751
68 15
928 446 930 767 446 10 758 329 796 567 986 397 263 138 223 278 84 188 486 765 114 864 561 588 46 947 573 134 60 296 150 875 351 202 160 129 351 931 968 413 555 580 184 431 315 595 183 273 268 943 81 524 24 335 958 373 4 226 569 976 726 587 410 726 219 52 785 880
244 183
106 507 358 986 553 217 806 745 821 10 816 399 281 99 78 636 2 665 618 183 243 507 380 445 326 503 745 276 830 633 384 296 660 611 771 112 877 664 521 903 335 322 881 936 378 547 17 473 651 355 887 870 412 854 40 140 394 873 426 731 779 815 998 308 422 511 351 62 287 377 373 432 467 195 736 558 610 64 931 926 746 4 806 333 642 781 579 486 464 964 328 588 301 203 59 461 139 982 799 810 929 692 94 314 488 149 623 956 932 286 92 431 443 841 510 724 773 639 122 308 50 832 139 372 664 295 335 163 495 592 687 81 471 480 941 533 501 778 587 874 187 547 861 820 550 583 231 438 731 548 874 484 905 741 231 659 670 592 213 869 566 232 599 327 874 68 443 731 381 184 348 971 124 209 596 757 901 989 250 474 667 755 463 410 451 331 643 745 34 241 747 502 152 380 557 75 222 622 478 466 908 592 231 715 112 656 551 989 608 674 352 341 194 768 266 455 18 6 20 246 164 575 967 527 202 666 604 204 109 817 620 642 103 225 925 596 785 396 370 108 615 38 230 950
36 25
889 893 103 400 910 943 419 365 883 843 845 965 770 239 180 778 522 285 381 850 634 544 155 234 663 306 342 389 907 139 60 563 473 25 226 76
63 5
666 554 597 490 849 924 703 407 147 288 968 540 66 177 20 878 121 11 554 728 532 230 856 679 337 608 560 132 394 614 369 957 27 918 636 135 464 856 289 679 355 764 270 673 345 681 404 173 651 698 243 217 332 260 205 169 157 810 704 450 282 553 684
966 151
896 713 577 500 779 573 529 569 243 150 462 828 862 56 687 101 903 432 652 732 320 66 371 613 510 731 629 688 848 433 885 850 400 672 910 908 286 510 634 387 348 468 252 193 691 815 563 359 473 337 820 686 205 343 991 730 80 716 532 775 832 221 399 749 800 289 998 154 629 493 136 880 490 170 946 218 838 516 429 35 405 189 548 670 709 730 710 969 553 249 427 313 837 756 905 703 59 722 758 962 413 757 121 785 68 516 866 70 267 747 853 996 207 378 725 300 611 118 333 161 536 837 191 476 108 156 549 823 999 308 566 289 42 802 988 623 542 586 619 101 557 47 760 969 33 926 571 318 323 286 751 433 242 720 182 135 935 116 298 160 685 908 165 49 809 912 34 258 537 249 86 18 501 683 832 587 574 117 700 20 485 639 41 61 671 578 968 943 212 845 457 976 444 150 262 92 118 486 880 639 24 178 695 402 342 198 976 202 110 420 377 454 363 147 743 897 351 239 355 552 121 404 556 330 210 905 686 886 339 965 118 628 294 295 829 143 998 294 242 813 506 141 617 694 708 789 998 402 66 461 275 710 971 348 953 444 951 290 704 108 998 428 292 251 742 626 517 192 125 994 582 384 530 716 461 592 243 470 214 773 401 676 688 269 533 647 505 560 455 61 609 358 862 348 879 81 337 59 506 693 591 612 861 22 604 304 851 879 349 592 3 52 406 627 273 452 149 902 871 396 909 850 867 901 260 897 62 940 685 381 741 392 414 235 263 353 155 672 480 53 409 755 238 720 135 83 668 114 631 275 897 750 463 363 177 306 104 563 822 599 796 298 467 279 219 521 408 672 663 795 74 890 791 380 344 873 99 980 435 110 471 963 174 341 433 3 147 794 450 583 863 852 228 256 608 540 620 282 40 688 984 664 447 754 323 550 454 749 147 160 556 639 400 321 877 238 627 609 643 861 409 701 236 935 664 736 56 95 45 243 39 121 953 910 966 592 582 684 711 821 552 267 248 586 178 259 831 678 347 806 448 642 60 169 824 363 913 800 265 489 391 167 267 29 244 116 382 270 450 468 706 62 635 522 429 227 845 857 628 508 359 149 118 985 904 477 471 940 148 619 711 558 456 577 203 403 823 829 596 532 973 673 927 316 179 345 525 683 66 505 913 23 789 555 185 803 569 379 941 380 258 367 246 163 595 600 536 296 744 767 614 448 295 940 471 178 108 231 142 781 677 153 916 814 176 977 108 819 53 742 944 13 418 366 444 664 664 245 378 502 171 971 143 75 494 568 167 612 401 333 684 642 983 471 494 456 282 333 278 780 671 674 286 695 436 393 13 412 655 523 171 877 926 265 103 876 226 220 569 307 64 914 588 352 42 6 939 280 547 261 293 848 535 994 946 494 272 35 954 50 184 182 939 263 84 914 508 488 511 868 54 442 124 298 712 355 335 504 291 430 915 190 220 575 310 52 360 318 328 361 998 255 808 168 672 837 882 860 430 953 592 122 229 770 780 682 709 528 209 884 236 506 476 218 732 719 464 99 724 792 896 153 62 159 945 79 366 838 57 10 700 81 497 599 573 221 681 72 697 534 151 313 155 171 457 816 632 470 268 173 729 624 336 344 152 543 891 217 297 86 360 493 896 671 824 701 735 13 27 575 606 684 949 509 604 134 193 991 938 615 252 992 135 592 651 218 272 423 283 301 996 395 740 543 837 259 657 155 470 331 181 372 202 993 658 873 349 741 245 918 56 976 87 259 876 649 116 207 829 988 592 636 830 526 933 755 126 216 86 856 914 93 962 342 818 600 863 138 981 776 854 70 739 414 618 133 690 709 253 483 470 530 426 946 178 125 61 272 459 761 294 472 330 523 231 811 439 828 313 668 406 978 817 103 108 850 744 257 921 256 518 715 342 100 188 388 822 96 737 754 452 51 406 329 268 30 840 764 503 337 880 352 82 334 996 168 228 164 163 185 858 843 841 694 477 588 867 96 22 728 369 967 764 373 765 396 589 64 472 393 983 446 103 199 474 363 788 176 17 477 644 318 62 924 979 319 665 134 662 342 128 21 846 484 270 419 148 621 522 939 23 275 874 927 132 213 157 757 254 391 763 921 798 612 866 788 28 106 274 277 728 621 605 886 814 778 512 379 457 147 651 583 718 793 816 35 562 785 455 843 867 425 228 829 589 989
661 479
929 48 193 801 255 129 479 535 982 76 370 620 722 539 360 972 969 197 726 974 514 692 315 629 515 434 999 167 801 725 970 685 807 769 415 948 731 561 473 728 348 261 465 979 817 773 877 458 389 226 753 45 55 741 700 265 25 617 386 217 998 180 622 186 362 146 723 324 910 925 531 940 980 892 579 450 66 950 588 324 104 944 803 664 332 312 566 773 280 65 185 173 253 566 225 950 570 63 929 938 192 828 438 983 820 289 694 564 501 378 824 646 170 592 657 271 322 30 803 657 693 948 532 254 550 735 82 597 904 270 799 861 271 397 980 901 40 861 7 634 128 464 523 413 399 517 897 258 645 480 499 369 33 996 337 825 740 391 977 606 104 289 776 134 32 551 970 15 966 901 337 285 884 156 944 129 205 298 821 373 160 33 478 302 877 398 918 789 283 771 495 952 909 289 542 542 325 810 579 879 199 553 270 70 611 394 34 420 291 571 422 18 905 814 407 595 820 21 121 411 525 136 158 111 148 692 674 246 542 143 687 959 578 732 514 782 292 584 651 68 972 612 586 41 670 382 892 559 776 1 422 870 792 829 686 153 865 459 53 356 877 681 153 899 858 833 438 643 162 510 703 236 102 14 192 339 1000 179 265 842 665 559 947 879 239 902 905 485 685 199 204 598 18 410 114 11 593 870 85 236 771 396 866 323 784 480 545 234 47 335 682 921 209 123 50 8 488 882 424 740 325 155 318 975 221 208 940 619 88 834 774 686 600 842 546 539 591 556 122 891 75 349 32 119 331 755 517 551 436 150 628 676 807 256 732 323 161 9 291 94 103 982 369 415 306 384 518 339 745 944 851 240 927 671 791 67 942 953 34 403 49 966 636 88 886 714 608 272 458 542 532 155 403 649 968 413 644 636 42 28 891 600 254 36 992 416 568 491 693 28 960 391 473 786 138 618 768 965 844 312 2 472 448 514 268 661 543 260 348 899 917 913 823 887 191 163 137 785 599 248 480 387 439 62 743 417 943 123 29 219 494 53 275 722 477 704 376 147 579 906 960 935 151 157 609 132 108 921 773 250 40 371 958 834 762 624 578 193 312 48 753 631 792 887 634 644 557 273 825 769 778 635 74 474 273 7 878 44 205 187 643 970 67 910 338 488 517 578 414 951 829 977 754 830 77 754 365 64 222 399 35 650 590 415 875 502 544 355 419 889 597 779 560 770 75 893 709 825 986 794 120 26 719 276 835 737 860 465 944 843 500 105 158 60 368 455 393 661 253 921 224 632 505 133 195 784 865 15 435 514 249 699 602 890 445 29 306 207 69 612 7 263 4 40 390 343 889 422 816 912 151 546 919 695 180 477 804 840 439 936 658 142 717 709 383 602 638 554 136 399 22 814 914 665 85 906 828 359 920 893 441 451 170 702 281 827 417 86 176 865 914 396 162 332 885 705 218 412 234 954 27 904 336 17 679 110 474 269 801 537 296 280 333 755 980 659 686 461 799 529 351
111 45
920 510 703 87 40 304 571 477 999 489 180 95 903 142 845 349 42 893 19 55 581 762 399 992 853 115 212 470 789 502 660 918 73 439 247 214 314 628 37 478 125 73 302 536 18 175 525 647 182 265 263 930 859 569 976 949 639 559 202 202 19 965 35 822 396 130 398 86 919 114 696 487 545 886 524 165 455 594 808 658 601 468 534 699 795 542 788 767 223 293 28 885 347 848 39 636 891 333 581 876 512 426 517 524 889 218 103 368 723 109 106
656 232
802 331 458 794 740 141 698 479 346 368 247 808 730 842 674 736 845 124 706 825 789 158 671 351 111 13 638 817 711 871 814 973 459 998 826 441 156 288 66 448 850 912 963 424 855 849 317 365 359 857 184 796 31 256 589 3 223 546 669 742 982 969 170 457 538 986 371 151 157 621 633 733 341 945 668 119 367 95 858 647 132 692 499 935 85 361 17 992 562 428 879 59 207 258 427 721 631 227 221 507 382 713 310 292 84 380 340 421 431 93 491 561 173 69 766 496 236 756 196 204 422 694 892 527 438 749 213 584 8 712 608 121 753 825 112 451 437 850 53 466 82 106 143 632 715 243 156 98 823 523 652 784 47 336 318 604 493 297 839 281 709 293 539 296 342 710 421 818 733 996 866 35 41 549 81 328 196 583 210 633 507 444 454 389 384 845 237 595 487 783 843 910 533 60 735 659 791 371 874 102 800 177 771 25 246 679 190 831 989 270 787 703 474 300 175 23 724 80 820 441 902 19 634 511 858 516 990 36 513 44 915 908 664 175 440 232 728 844 833 455 958 18 746 195 218 911 815 905 338 691 138 680 609 330 587 975 514 199 305 328 918 225 125 413 415 740 469 426 286 208 27 771 536 12 618 65 409 593 683 20 131 447 671 70 3 109 926 746 550 410 146 418 196 735 171 11 580 628 231 741 406 658 352 963 345 3 221 695 361 202 744 740 383 974 123 204 82 655 362 872 123 28 512 31 953 384 184 907 219 167 512 187 378 513 656 300 108 719 938 452 328 182 80 243 262 263 288 462 289 55 78 265 392 601 641 991 450 396 922 783 152 597 459 782 875 180 205 868 113 186 521 58 33 622 853 419 651 707 72 64 480 946 587 374 30 397 586 704 852 498 947 607 80 517 116 43 462 403 654 214 491 519 221 798 286 324 48 304 650 821 957 587 471 458 979 68 764 171 626 557 821 738 487 494 780 377 636 87 308 355 882 280 353 985 933 228 998 943 942 727 996 460 233 648 489 623 618 388 40 87 136 291 850 862 207 69 636 462 793 683 131 419 128 115 864 14 450 558 449 42 688 744 504 640 84 502 297 158 686 344 602 4 372 805 660 839 709 214 491 869 106 640 693 210 596 796 35 726 797 248 179 931 893 108 147 13 211 145 417 267 852 43 815 904 927 130 966 790 674 901 572 589 928 248 186 164 388 550 762 623 354 169 236 892 205 695 695 90 474 288 768 180 577 921 797 762 930 468 884 648 258 238 979 106 297 73 615 190 390 522 602 875 758 190 782 254 651 730 37 348 112 838 87 632 691 798 351 286 115 308 519 296 112 429 721 56 461 582 726 27 456 692 963 388 397 11 129 495 783 769 450 938 552 215 355 105 781 877 761 638 963 238 652 148 714 612 79 614 306 179 123 591 580 424 103 889 874 26 497 170 384 680 278 984 868 178 795 142 415 329 555 434 654 797 233 109 143 154 423 551 412 157 67 305 168 265
252 127
912 85 305 419 156 728 59 43 369 866 96 460 765 972 912 23 388 870 463 562 376 235 744 367 628 351 630 104 406 484 14 371 999 485 172 674 943 290 724 877 406 13 985 137 476 870 283 241 431 310 338 386 523 139 249 504 49 140 266 106 218 824 57 761 621 155 107 400 59 712 948 441 945 717 56 859 941 329 311 893 982 263 48 64 18 765 918 842 23 824 560 923 775 734 696 466 166 337 93 732 196 573 495 202 137 515 288 669 449 945 165 659 923 87 881 792 409 628 298 221 94 654 824 83 303 850 758 207 175 522 271 448 562 67 967 446 388 781 468 40 680 519 998 921 739 806 992 270 398 330 549 835 969 485 179 369 267 107 426 906 980 363 765 558 175 732 310 725 632 806 606 249 698 221 876 60 970 533 499 195 511 684 260 281 199 421 588 86 872 189 166 638 741 682 856 158 187 959 484 696 208 576 29 705 418 512 95 42 417 33 130 621 266 199 19 73 127 465 742 286 584 637 415 873 651 679 558 803 398 338 274 176 59 417 752 298 498 757 835 418 859 352 877 939 399 348 126 106 305 370 19 178
596 244
895 620 481 803 707 953 514 105 1000 295 615 240 797 604 289 532 92 686 6 634 492 27 124 652 215 382 493 997 854 614 402 319 461 974 36 704 353 650 417 248 928 450 159 906 380 773 704 224 334 681 488 886 779 999 115 791 874 487 867 900 423 247 716 74 71 837 376 888 201 652 178 762 401 236 903 509 517 326 720 818 907 159 957 306 184 269 240 10 66 519 702 950 565 252 775 52 673 439 969 787 217 656 530 462 992 43 868 451 646 782 631 359 681 696 73 620 34 769 724 976 317 84 929 371 246 886 657 557 292 177 705 630 635 765 967 21 15 359 113 439 347 519 358 530 876 790 784 481 545 929 108 246 730 24 168 69 184 923 773 789 534 518 844 193 968 287 234 958 542 957 645 473 581 115 614 157 103 412 103 244 588 120 765 235 505 153 167 605 458 210 175 289 276 868 608 331 192 493 45 886 645 644 925 563 755 149 445 236 71 298 939 687 551 858 233 417 908 457 968 356 819 893 873 664 345 534 698 778 588 271 553 169 95 93 421 872 620 477 700 624 947 59 447 250 552 885 539 870 690 845 187 12 705 286 341 421 642 660 844 759 840 689 331 341 556 67 17 122 778 181 190 268 204 117 60 368 758 922 870 761 857 929 407 883 875 480 253 593 282 752 553 934 475 629 317 90 42 65 770 981 463 761 785 602 555 776 674 202 616 321 175 629 150 205 907 647 393 22 996 274 674 220 103 25 31 890 210 417 734 952 960 269 939 647 874 394 810 972 398 113 546 546 33 785 394 973 641 656 176 937 415 918 660 236 262 527 923 91 534 16 413 407 142 322 845 968 640 565 957 439 428 458 296 236 696 291 506 417 564 427 560 129 264 794 418 479 903 678 907 439 59 286 888 309 331 167 330 983 552 223 23 665 382 550 373 50 817 594 467 153 758 955 883 211 754 874 571 845 799 33 315 509 828 700 715 264 741 474 518 819 651 630 563 989 776 76 965 662 639 516 942 489 573 745 407 564 339 704 504 512 907 471 111 947 6 460 297 398 963 662 680 174 234 194 917 385 628 22 868 993 604 193 748 402 65 989 70 21 255 431 292 83 658 20 596 919 776 124 852 649 403 521 800 600 984 873 442 113 496 99 913 258 343 796 767 91 876 490 786 579 900 406 567 625 66 702 714 802 961 497 30 437 70 953 40 621 215 836 391 424 203 845 164 1000 802 705 802 798 870 789 606 411 271 740 590 729 897 338 733 526 987 732 752 418 256 451 553 882 720 386 333 692 952 921 886 165 707 134 220 543 403 531 372 839 793 777 744 218 201 960 673 478 667 954 852 717 636 782 511 411 823 696 615 181 730 82
330 261
937 520 811 656 578 11 395 464 7 795 881 129 425 593 734 24 810 594 417 537 227 610 858 627 104 197 380 464 888 524 501 458 331 611 708 267 632 64 110 27 273 508 826 423 168 917 400 929 316 367 109 165 706 82 550 579 466 206 946 974 91 329 85 484 810 143 650 650 931 650 23 385 752 111 273 414 848 323 765 439 719 904 462 501 558 471 672 921 369 674 663 304 363 673 796 809 396 203 859 590 345 388 519 604 162 449 419 258 444 652 537 554 521 810 882 591 520 425 799 160 694 290 412 878 185 613 147 646 637 144 921 789 864 181 435 183 914 1 19 8 384 154 979 309 895 519 333 825 248 189 640 728 647 335 301 456 779 66 815 720 489 685 105 635 953 278 25 752 958 147 251 509 17 852 675 948 92 10 257 631 843 51 158 754 942 597 772 144 389 982 568 220 682 220 526 890 781 251 941 517 721 991 69 134 654 559 517 831 990 514 830 295 3 189 675 706 44 748 212 829 863 913 557 836 929 747 112 226 40 281 791 385 778 178 648 544 205 112 151 816 368 837 63 475 584 1000 81 973 717 493 997 475 293 834 792 385 342 214 898 593 706 569 864 518 579 140 965 216 69 169 804 747 107 499 83 616 519 463 704 818 330 958 289 803 959 266 641 534 133 467 903 751 97 375 787 744 407 793 867 913 239 373 451 610 408 882 532 810 523 535 910 726 975 301 321 77 134 159 643 744 564 545 473 432 697 349 733 1 141 783
247 51
844 123 774 551 316 164 884 26 597 997 838 606 196 881 474 150 559 571 142 976 220 330 692 14 465 195 364 429 577 580 322 977 389 827 358 770 336 818 825 812 231 257 18 992 310 849 280 224 189 205 362 107 673 630 539 1000 638 154 101 949 75 725 30 387 743 794 917 427 493 299 365 313 569 250 958 759 141 201 41 6 45 871 754 368 125 534 254 704 511 904 750 841 825 684 163 888 333 396 889 41 268 844 357 273 837 586 977 702 479 149 610 41 161 747 564 829 536 151 372 279 863 583 144 307 245 366 608 204 152 557 405 255 210 825 797 181 140 193 376 364 689 50 458 88 623 871 128 401 591 211 240 230 164 921 325 842 374 466 898 289 878 597 454 733 940 239 85 51 120 966 805 712 570 705 405 592 385 136 610 281 588 948 754 24 132 510 774 647 545 148 442 692 494 566 506 290 318 843 698 684 982 472 279 690 324 886 741 810 838 681 98 414 55 887 670 148 27 789 767 278 924 799 961 557 522 366 760 608 39 30 74 200 672 133 432 132 63 204 98 556 793 590 124 170 70 81 584
286 151
840 146 206 134 166 370 385 975 894 59 451 999 973 228 44 874 112 141 989 88 100 542 733 404 450 380 85 542 333 504 777 16 53 284 578 759 250 849 259 100 175 501 609 193 140 575 727 953 41 605 54 733 410 127 576 459 651 485 157 687 725 467 803 55 575 341 175 595 532 181 43 913 131 635 787 856 735 139 649 107 867 825 994 741 356 723 691 103 504 781 679 186 926 417 157 537 182 917 648 835 696 754 155 247 883 594 446 593 338 701 927 151 962 518 925 645 392 455 416 249 532 171 71 472 851 370 805 271 172 619 863 195 959 77 109 357 330 626 995 580 47 201 185 781 342 310 702 211 954 405 318 120 832 884 166 779 871 674 446 719 761 574 667 982 897 811 592 386 676 280 5 279 103 838 722 633 883 795 460 399 686 802 219 289 163 40 823 354 512 441 8 872 445 155 448 126 990 323 893 107 77 48 883 134 115 896 770 509 609 900 434 778 12 757 645 256 195 852 361 67 147 108 846 82 280 493 6 686 911 348 654 617 377 6 347 910 99 839 994 956 399 461 739 454 124 958 606 657 980 637 815 545 873 341 768 884 490 370 648 812 689 669 369 597 348 985 372 19 662 414 120 902 862 108 255 257 219 686 631 867 338 7 164 759 502 500
333 99
312 205 504 891 815 548 442 1000 875 30 273 472 33 355 470 313 190 199 712 24 387 605 839 625 748 320 485 367 237 124 315 542 771 991 457 610 488 166 796 25 330 657 877 412 635 673 414 764 715 846 859 758 527 884 66 962 389 460 941 719 404 752 551 687 852 783 642 76 376 553 758 684 560 245 376 130 455 759 400 305 388 439 412 228 496 743 799 76 905 407 904 734 13 798 10 294 786 36 394 914 239 15 972 77 607 343 315 503 767 67 184 527 86 67 208 675 422 891 362 166 41 508 101 712 558 947 119 312 59 785 159 363 2 285 857 678 990 154 772 916 406 572 594 441 647 193 326 153 471 1000 504 737 497 344 268 877 209 512 2 846 665 673 756 709 898 790 640 199 129 418 187 123 958 491 965 246 7 888 321 927 563 742 564 763 959 364 729 217 649 655 114 423 86 70 159 903 177 378 115 514 305 672 729 491 906 54 38 431 720 517 408 36 984 944 183 449 834 926 169 118 166 211 492 310 806 18 166 136 174 522 809 721 332 92 190 281 947 663 971 279 737 785 308 190 985 813 759 315 970 58 819 784 953 278 228 452 915 818 546 485 71 105 531 766 630 705 83 832 83 544 886 73 214 963 235 468 233 447 720 994 598 626 974 702 968 565 615 273 77 259 519 19 564 737 590 80 118 829 887 406 613 287 998 486 752 234 582 206 986 661 3 182 70 300 61 445 811 146 500 434 493 164 680 337 581 463 584 818 814 465 175 256 249
