84
8
20 -6 -8 83 83 2 -28 33
5
-43 -8 38 -37 76
10
92 75 -76 -65 33 52 -38 -34 99 59
7
-93 -24 29 -40 -34 -56 38
2
-75 -97
4
-28 68 -75 -52
6
32 -58 98 55 -35 92
5
-75 -67 29 95 92
7
-81 -29 29 -64 72 -25 55
10
21 -40 78 -40 59 -56 72 2 94 -34
9
99 40 13 41 66 -18 -93 -78 49
9
-94 22 -42 78 67 20 -95 -45 -71
8
84 0 56 -96 -88 -47 68 -23
6
-64 -94 98 79 -62 9
6
27 89 16 76 -76 -15
3
19 39 57
1
33
1
7
10
83 -38 46 -54 -11 -89 6 -48 -77 59
1
76
4
89 -55 85 -56
4
47 -79 53 -36
9
85 61 47 -81 -83 74 75 -2 -37
8
59 55 3 89 88 85 -16 -60
6
-76 -13 -70 -93 -76 -22
7
-14 15 -92 -38 99 -53 -24
3
-81 76 33
6
-51 96 -48 61 27 -33
1
-24
8
5 -62 86 40 79 -83 -45 41
10
-5 14 -27 -4 72 -35 -86 -42 -56 -64
2
-22 59
6
24 -67 76 54 -10 17
1
-61
5
-54 -100 9 15 -91
10
68 5 7 -48 -11 15 40 -39 -95 46
2
87 -90
1
-43
9
48 30 97 -58 68 -61 -62 94 -15
9
-26 -28 67 21 31 -71 -89 -30 -4
6
-96 -43 -16 -51 -33 -84
1
94
5
-25 -38 -47 -65 -87
1
94
5
54 21 58 -47 -94
4
92 -56 -96 -77
3
10 -74 71
9
-84 -88 86 -74 36 48 71 60 61
8
82 -1 47 43 96 82 51 -15
5
-8 -43 -22 -44 -33
1
-49
5
19 15 36 -84 -3
3
30 -50 20
5
69 60 78 54 31
6
-80 -91 46 25 59 47
7
14 18 40 55 40 -80 -60
1
57
4
8 -29 82 12
4
70 83 -18 -5
4
31 93 -69 88
6
-25 -11 -33 69 -55 -92
7
-26 -27 -42 97 18 5 -61
4
-79 63 -91 -20
6
42 55 51 46 -76 -77
6
-86 -36 95 -84 98 -23
8
57 -59 43 30 -2 -7 -78 48
1
-25
7
-29 -76 96 -79 55 -35 -36
2
-61 9
6
-22 81 43 39 -3 78
9
77 98 17 -7 2 -46 -11 -60 28
2
73 22
8
95 -20 27 -44 5 -9 -49 5
8
-36 84 -42 -96 -62 -88 31 47
6
49 -65 -58 -95 30 -98
5
-21 65 8 3 96
9
2 -94 35 69 -16 34 -11 -78 51
4
-51 27 -96 17
1
25
10
20 25 1 -45 -36 61 -64 98 -94 29
10
-7 64 86 -56 30 -16 56 53 -32 -75
3
98 -32 98
7
-32 -63 66 -93 -98 -44 -90
10
-62 -22 0 -18 86 29 29 30 -93 88