57
5
49 -56 44 60 62
1
26
9
-5 17 7 -91 -27 -60 84 -21 3
1
32
6
-78 63 -6 -73 -17 20
5
81 -7 65 19 -9
4
72 -5 99 -16
9
44 -92 54 76 88 54 41 -1 -49
9
-41 -58 94 -43 77 9 -51 -32 41
10
52 -95 87 43 -16 -82 38 -53 -99 -37
5
5 36 84 -3 12
1
46
2
-25 64
2
-73 -6
7
-16 82 -15 19 52 -58 -7
1
-96
3
-7 17 -41
4
9 90 89 67
3
-74 19 61
1
-61
7
53 47 -66 100 29 -48 98
1
4
1
-33
8
-3 56 -88 24 -54 17 -76 97
6
-70 -26 72 47 65 -43
2
-83 38
1
90
6
-54 31 72 9 -53 93
9
38 -71 49 91 -11 -17 54 35 -3
9
-88 11 -97 82 57 -66 9 -52 20
4
-66 53 -29 -70
10
-94 32 57 8 38 -100 -66 21 95 80
6
89 71 -49 74 -7 54
9
-91 -53 88 -7 94 88 -17 -24 -53
6
-20 83 -73 -37 -35 83
8
-24 98 -75 93 -43 61 80 -67
6
14 -55 13 64 99 66
8
-40 71 72 27 11 98 -40 48
4
-5 -95 -68 -56
1
-51
10
68 -75 -35 34 -8 24 92 -3 53 38
5
-26 -10 -88 81 -12
2
-3 27
7
2 78 87 -91 -13 -48 -48
1
-37
5
-24 31 -80 82 13
5
69 64 -11 36 -90
7
-26 -85 67 83 -92 56 54
1
-64
4
84 87 -44 -39
6
-83 0 87 -23 -96 71
10
-94 3 -93 26 -92 81 52 59 33 -46
7
-4 -23 -34 -75 -98 22 98
4
-74 -93 81 68
7
97 49 19 -62 17 34 59
5
-36 11 -53 -68 -4
10
46 -82 98 85 94 -21 95 -74 -25 -54