53
7
-49 42 -30 34 94 13 23
6
-29 87 -20 56 -42 50
2
1 -42
1
-31
7
-26 -20 -62 -24 58 -44 3
10
-93 5 63 -46 38 20 -6 30 66 67
1
-37
2
93 -65
8
-5 -55 81 -79 -53 33 87 -27
4
23 -47 52 -92
8
25 99 -58 -14 -57 66 -35 41
7
33 26 -97 60 85 -37 93
5
-29 -87 88 28 -67
2
-46 -22
2
-54 -12
1
86
3
60 15 10
6
-78 39 -23 -94 -12 80
5
21 -23 47 77 -6
6
3 32 81 9 25 -18
9
0 -61 6 31 -34 -45 78 22 21
10
38 46 -99 82 87 10 24 -43 -55 14
1
0
5
-48 -83 -38 21 -57
5
-13 -2 -57 12 93
4
93 64 -60 -90
7
-9 -99 -83 -29 88 6 -20
3
12 13 59
1
10
2
29 -58
6
-84 73 87 5 40 96
3
-72 -71 3
1
-38
5
-18 -26 -45 -3 -59
4
-64 36 44 44
5
-63 -50 40 -75 55
4
98 21 -48 -98
5
50 -71 -32 63 55
8
-79 80 64 -13 -68 -11 62 -24
7
34 -46 -31 30 -65 57 -57
8
-62 42 28 -98 -33 89 -11 52
9
-48 1 -81 36 -27 -54 41 24 -93
5
75 28 -87 12 6
7
-95 -14 -76 3 -55 12 80
8
-12 -81 -100 37 70 22 -39 98
2
4 33
3
72 -95 15
5
-59 48 72 -34 79
6
34 -81 71 66 60 -14
10
52 27 70 51 -100 -45 59 -93 67 -32
3
15 77 8
6
93 -87 57 -77 -37 12
9
25 36 15 94 94 -98 -44 -86 -32