79
6
-89 77 15 59 20 96
6
17 84 -79 -54 -89 17
1
19
5
-49 -3 22 -1 -26
9
34 -49 67 55 17 18 -95 -84 -57
2
-76 -48
8
-38 -21 85 65 -91 -9 41 16
7
-82 61 36 -13 22 -75 -11
3
-97 11 -44
10
-21 79 -63 46 -44 -88 -85 6 59 -84
5
-65 56 -9 0 -17
9
-39 21 74 -94 -97 84 -4 -23 -53
6
-58 -81 91 -17 -60 44
2
-7 42
2
44 -80
7
46 -6 99 77 21 -97 42
6
-65 -80 68 -18 -65 -75
8
47 73 64 -85 56 27 -54 -85
10
31 32 -36 11 -38 42 -72 46 -74 60
8
-89 -1 -54 68 -65 -15 -90 66
5
-12 -44 99 -83 -40
7
15 -75 15 -43 -99 11 -10
7
76 -53 -29 26 -62 48 -42
6
-68 -23 67 -81 16 97
2
-89 -40
1
90
5
54 27 -27 -78 55
6
-96 -67 96 -40 92 -52
1
-28
1
-22
10
51 -62 -78 -52 -16 -53 40 -40 19 42
10
-27 -79 23 -95 -10 -6 14 -54 -73 40
6
57 18 -27 80 -49 16
1
61
1
59
3
-29 63 -99
9
-68 74 -81 22 -41 -25 -35 46 63
3
-64 -33 16
3
7 -14 95
2
-70 -32
9
36 -21 -79 46 -94 77 -46 100 66
3
-78 76 14
7
5 -47 7 -30 -38 -99 94
5
5 21 9 -28 -95
7
92 -14 -99 -28 -75 85 58
9
90 94 39 -51 -37 92 17 -72 46
7
-53 65 -18 49 23 -20 62
8
-55 -84 -67 -100 6 -52 -92 -76
6
-39 -65 83 -26 -67 -99
4
86 5 51 86
1
-24
10
59 -16 84 70 -50 61 55 -7 -76 48
4
-75 -22 -10 -4
9
-30 -15 65 62 -76 65 78 15 74
5
-96 17 93 -8 -37
1
28
3
-27 -43 -92
3
13 79 58
6
64 -54 40 -78 -92 2
10
84 -88 -60 -64 -78 -82 67 53 20 -4
2
41 32
6
42 -43 -2 23 -6 16
5
4 -42 4 58 -77
8
-60 14 39 -68 47 64 96 -52
10
54 46 18 15 -19 87 74 40 34 22
3
61 -48 23
10
71 -84 -5 -47 -9 13 -13 59 24 34
4
72 56 -97 90
4
63 -23 -74 -42
8
-1 76 -39 48 -80 14 77 -89
9
-47 63 -52 -64 -72 34 47 100 -67
9
-10 -74 93 92 12 -2 2 -98 -90
2
67 38
4
-55 -36 30 -46
5
69 -86 100 -37 -95
4
6 63 98 22
10
64 67 -33 49 -10 42 -5 61 -76 80
3
-26 46 56
7
-69 -86 45 -43 45 -93 -54