97
1
-66
1
-65
9
57 60 -93 77 -56 -52 52 -65 -32
1
-65
9
-82 28 57 -52 74 -59 82 13 -86
6
-56 47 3 45 -12 90
4
13 14 -70 15
4
3 6 -53 -65
9
45 -5 85 60 -52 24 -31 -32 24
6
-31 -95 61 -1 -20 16
8
-22 -40 88 -25 72 -34 18 -2
10
40 81 100 -25 -97 61 33 -37 0 -46
10
19 -11 -94 38 -38 -82 22 -54 -54 -84
10
84 26 -26 -77 93 -41 -40 -60 21 -85
10
-63 -6 5 -64 -52 7 98 -21 -33 -72
9
52 84 -45 80 -88 -19 79 -29 67
1
63
3
-89 -51 72
5
3 -11 -69 61 30
10
89 54 -65 -50 -53 26 96 -80 -42 47
10
97 -88 19 -56 60 -42 -26 74 35 -100
2
-2 24
4
80 -46 -56 -70
1
97
6
-34 73 16 41 -4 -85
8
-25 89 -2 48 88 95 -81 9
5
95 27 -22 57 -24
3
36 32 -75
1
53
6
-42 -39 -96 72 87 -32
8
-93 -1 26 -37 49 -34 32 -29
9
-61 -49 7 -33 -84 -58 -91 55 84
8
41 -98 52 34 52 -60 -59 43
3
85 -35 92
7
3 76 58 85 -49 3 73
3
-3 -50 -86
2
2 8
1
34
9
51 84 -42 93 -62 26 58 92 -27
9
32 -1 -28 -91 -57 60 -70 48 -4
1
-91
9
-60 -80 -9 81 28 15 68 -93 93
10
72 -45 -41 -88 63 99 64 69 31 -54
5
-17 -52 -88 71 -22
8
29 35 -56 77 -1 34 14 70
1
-59
2
82 7
2
-19 -49
2
47 -15
2
24 -94
5
-8 30 -12 39 -28
1
26
1
-39
3
-67 -7 -62
2
-67 62
10
81 30 -6 46 70 5 48 81 -17 47
3
69 92 -72
9
57 17 -57 74 -24 -28 -73 -2 74
10
-17 -17 79 77 -91 -15 12 -10 -73 -47
3
-10 20 0
5
83 69 -29 16 2
2
-73 -85
3
82 -34 -53
7
46 -91 -20 75 -15 -16 91
6
-11 -65 14 -23 87 -89
1
61
7
71 -98 -44 26 -81 39 -1
4
-38 -78 99 16
3
-60 -6 -58
5
56 81 95 18 -65
2
-96 62
6
12 -17 -28 52 6 43
4
73 98 -5 -70
10
98 -43 -100 67 61 -90 -60 -43 -6 -40
10
58 49 -79 18 -6 -91 89 44 87 40
2
-69 28
6
-61 30 -53 85 14 30
5
-29 89 -1 -12 20
7
56 66 100 71 80 -8 55
6
79 7 100 -72 14 -81
1
-54
10
37 -60 -73 -7 36 21 -73 -69 81 79
8
3 -93 -13 -47 33 -71 6 -38
3
82 -40 -45
1
-89
4
-20 53 24 9
9
-73 32 31 -54 -64 40 71 21 -67
9
1 52 -43 62 94 -99 28 -75 -87
7
-32 -10 -77 -86 -3 43 -59
7
-75 -67 -43 43 -73 -94 -91
1
71
8
-90 -65 -77 99 69 -61 -6 0
7
-78 60 -62 61 30 -26 -72
3
54 44 -24
4
13 87 38 -2
1
-65
10
1 -78 -11 34 -14 83 -69 52 52 12