4871
765098128
79295989
121442122
786508965
289840241
926552820
785836591
52846752
211516244
362511429
533305416
629333203
40657247
519182395
543708507
21775702
287268341
834442220
774624703
968560843
528682062
377952452
225780238
286982350
377419179
516273954
278604729
980048508
420076316
929922819
808428708
684134750
39802469
948919403
787658910
818824101
288998625
269157055
77001522
904828022
469524283
79643317
146383495
432852934
868880665
614330700
380941369
887208030
486792883
64339891
240185349
218498130
919848574
611542290
99296634
24219362
737173187
681488134
73059450
616959896
965071891
779147505
267924426
318270372
293353732
284644277
81365941
718221161
224801056
396194927
813665574
667669246
318567847
449390900
967059886
927771343
166735359
623180385
906836553
830228394
602950229
474440784
759718835
297082904
325892720
581292043
996628884
258176272
480262182
675278105
586188527
213555791
352372941
637167302
593770410
263672747
637043803
738236045
816762406
220558088
585682143
867215122
665491631
268684750
655112255
746364129
134785971
260935774
78880276
946566562
358232823
533781413
378796506
201701665
998441945
509767025
955492768
66631503
610479689
703932249
432541833
885282996
467443971
987415852
6196990
294169481
871082726
243361858
726307192
40633582
565129164
730003021
703088691
137808417
231825635
804334230
476169512
524011368
617517470
481613085
949403194
725621012
491549209
12804827
414103959
134632321
78173342
625153292
315312670
128191043
603383860
158142207
285644398
122894647
52680452
526031684
672825112
100686632
915693943
640515056
672433875
700604590
915884987
635768222
242870995
361684700
94295424
969548437
951770873
810968884
484220494
131811681
106734555
451947973
187237963
603219836
293359002
876065627
697143177
473723939
491468065
974991779
491027472
373212738
47633911
774673905
983325290
41801112
485032376
22230136
640994062
635125887
259417710
71501038
501641967
91705003
709159147
201075415
398289087
190033403
880438588
3494289
297938945
751862028
179433969
207740750
359497382
95597129
784777148
533368134
940598821
76060341
369552936
18865960
728850900
621608465
230184474
179364249
763171222
469352631
812507635
346448806
369267960
590556121
212327998
848249307
190051727
20275331
943185742
507385249
989604435
634090365
6707557
210952300
345414699
31413703
851516854
62255177
135585727
448656055
465030883
965896169
669033646
403314015
507637331
908584897
920129867
26021824
817671595
273312048
661552790
912817912
520455541
731786745
677913904
503012277
495303937
51618390
351785676
570539738
784253485
638806642
546477024
641782111
872636032
498638196
604965569
197677006
774022955
838851625
531580528
825046767
832714639
934267204
264126043
5129279
400195463
77772102
708026277
141742784
383934138
69272940
631850020
464284873
99843834
670408044
179698093
715776499
535984626
586565133
147489674
242763810
605904453
595009223
453614804
653526526
985553930
407459558
139569131
814276931
329983452
660630260
231210099
692418663
507213629
496068909
374372576
607900066
981070893
887036017
931959600
319486121
982718106
743847082
49862627
158321035
101505033
28420767
433744858
544091840
435379673
921294931
921881990
51143937
448705428
870349042
65499565
782332329
758719493
478225983
556595160
325998904
665863238
411505105
439156735
241097798
524397762
165222715
40096296
179116334
960189570
228543667
988039967
116180635
47439164
24261786
355144389
703466681
81402910
370705906
906090934
14245901
326248794
182122445
830601407
55337027
541993588
622481214
244168694
823263068
501656420
637245459
66399654
928316590
292144295
98668180
74707177
101692535
833705417
49424564
806262137
864579407
588330093
16958146
33926239
44427340
872458311
956548681
401553169
784553763
104155754
472153370
133830764
967741500
631420145
278714246
227660528
461741343
975122314
714191520
420951089
283266141
654455592
176978313
205469075
221545322
747248135
77886543
843692951
72194650
731607945
709777312
711923682
135538157
198162239
54682717
255382950
781605497
946541582
931020224
656126931
746629474
300288094
720097884
677802779
188312490
874432492
871716034
186339152
838921882
104013052
681377748
588660233
958191267
853701215
670375556
991211555
183935228
696255811
966360472
324752272
672358410
959208356
8412670
653719573
172466806
783282935
801028130
56062643
412586978
958171332
360034291
737298210
91073343
362226762
79228134
690317565
865442909
880134265
352679920
498020286
990221223
368033663
16116220
759115376
497130851
210780160
790238212
792735860
98009042
983559205
530193292
471895338
615269263
792619694
371463221
984659840
542551337
609687987
646012651
714583749
107213406
144671189
485823016
822480037
720317714
235616171
406042418
71148356
660915510
868758490
959841637
217904675
885887516
459118750
906458368
214702688
761621452
711629962
944209574
731066808
491767852
287661078
310036188
940373276
479886065
204403274
667752537
187718541
76550671
203349320
30212174
742883334
529114930
863708330
975959602
193914771
871547332
722914989
690089154
413799980
459951137
343065966
491994384
41417937
52419844
739975505
703084073
201895822
357633561
863263214
528574435
783317474
296023027
929159278
349165939
764496608
364279172
715155288
331447501
349968840
197068900
178323129
975566777
927923220
780308596
589672757
184634276
458776809
491179503
112507100
249470463
547361068
752869868
314493130
476248438
139930901
985379894
514201208
654967354
473057181
56056238
163174592
98412461
671110377
400684404
174000498
670159791
229823414
262904946
854796803
297904869
467023625
583174635
249013116
370194682
869973156
147960590
411009274
672860765
529151948
667657712
866829713
540664865
140051890
764617444
708223398
249997260
555702926
496318762
175297644
787651388
149562549
255513839
435685622
504433027
305301271
307604726
547290336
609836252
270847155
404615225
704114102
666652561
538872360
956529364
374485603
339955354
734696190
301887990
165566910
126965299
875330467
630676053
475039532
488199777
910875311
642200764
176510047
569864600
538060182
279916821
208082944
538303404
824191857
385146924
429310114
529943124
882353703
186369477
924209126
759779503
462199301
982757129
722156026
208016183
330199439
610948573
131116544
552344645
900333281
256161939
834127953
630197890
6029073
312019675
73126651
377928935
867997674
350318477
510805780
571745592
99216016
704380193
718130782
936092657
778609378
61008432
535303423
86476144
379250968
810874382
240816599
591283047
99533956
472408022
631169898
285884628
127980846
632889874
984496652
311432485
714168213
670897261
707169680
648442813
282690089
645588015
194259039
516307133
834189779
41376086
543721134
884448987
752636172
850449346
609661964
845285611
149227445
586340489
117598553
522019371
855601112
432511859
399220942
121020142
639315214
315560433
166817756
502448267
842721608
110002614
682627841
833394894
654985949
202845932
863926001
229038916
356891166
154325586
6018771
270228498
674904795
541240892
867574586
602240668
324327673
742345151
885758560
413610817
95152856
68874084
52631839
687451786
305096482
599769233
462810103
930214038
290970200
973389348
347049276
139645114
490795719
346346821
199229735
797426059
218063265
759417751
494553078
692099375
156070974
376593120
142089567
341049575
352833960
792748950
166070752
694438669
606681402
609584675
586433715
709535656
475571036
62875289
274046051
576323805
479896143
687828523
819870135
522069987
669764967
629117835
442759599
729720393
807817845
181863799
317027910
337547198
895288441
515254369
177653818
514807444
197677707
3242578
30664355
541686385
311942954
666712637
79337407
1972293
332031793
719723141
632487678
642188508
615452135
761123630
947407891
407504939
612214552
450318404
745405742
253409030
649388885
72879295
26406304
61657577
591797647
911252311
269944286
240801975
303338839
987046162
112049943
974931138
336366541
89942204
299117718
133062185
299468834
683727743
264645920
981700372
730598379
223255254
931883014
733373024
168578286
42320296
832404963
583428657
752258495
773067369
943250869
910103776
229474237
299443826
821711921
546047069
737543669
982529793
356633813
403483601
105007133
283095684
642184432
356075459
303701287
91833494
433743279
656568833
38370894
648950625
758912645
244460875
440316957
355524311
499855066
91778270
280754816
587288557
926742991
459771088
881879987
114018775
520823054
993031758
595593944
659142867
646707784
230916400
785979535
82255214
471810029
659027818
805974707
77767771
911330576
94055863
947844332
673433398
618159648
859099719
956734184
55439627
357147919
895799504
25616309
396065871
899967537
926381381
472542009
602617532
53945892
605699636
101934782
625251542
501211874
766364405
819094780
67958418
180307539
413107500
583530625
281224436
243268303
681472852
944724784
166386239
925868123
152495520
320623565
799263808
871754462
839380329
134017545
210569515
754804814
222213279
940023891
489199071
76048360
642156456
480067241
314778941
732080219
798616878
382280570
731038834
340033271
881217107
701576063
493113568
64795508
439367006
320812715
171080965
582240758
354649302
823410519
551577892
527518000
174418671
265184909
525633159
465371563
432107559
648885625
603886645
239118805
260277293
393089391
576144957
874559196
270450244
135187628
599785295
965594411
50895102
937120874
52741291
63208125
803004167
606101300
55437571
685254885
840606872
14029131
142580997
494251809
690067776
690413303
412147796
665985596
884814242
832140426
590309509
117228540
686009742
366901871
934946135
122369586
767474367
979079727
108152049
401797426
243869779
513480595
278881964
985199104
488785078
861663706
225502298
529097717
11300824
66389343
267487283
147954321
57118396
949701281
745517333
187360799
358246149
391569079
526553820
327498522
879561682
269989634
589600297
246679426
880468247
560386179
347379209
940639698
786213502
659989909
609231844
397324319
154973301
148558375
315441345
607801045
157505754
647789977
812360440
908598000
29120745
948404182
49084591
170678164
40397598
733019965
34027793
662902852
228619037
461816657
627530036
654273902
959341546
316787349
303262617
714512302
467781392
80651552
367389882
829148832
958065306
207176117
737957334
42309243
961831690
129961667
932052659
746382945
590259556
763726272
101195313
452498596
742915115
455219922
741494210
378311523
725430433
800982747
179543813
882313841
491845525
477036923
989444598
760191524
850106134
411294339
251400871
163704520
608336168
776429704
754104716
224912567
997231884
223043529
448920978
951125434
757841373
42390295
520396635
186466788
532050696
825852278
460515434
597695853
500558464
625394648
91202003
276567579
92683652
807850141
518872631
337589045
42059560
113973133
486417189
187772708
415282807
522282199
324420058
720785401
203437417
420844838
387108989
447054957
18485906
713403759
519053395
375445950
259410483
765327759
234129103
296843624
328314949
176388488
140911833
889052889
611663310
289269187
40386376
493201563
441651743
607532958
243594151
125906964
178469585
881668663
241658606
704644417
690519994
868761780
897230533
523110881
145471753
412781231
723324237
760502155
228932067
583406760
724448587
54764643
288097967
960859176
701759610
276180694
539042129
832659496
725555824
990818754
658335123
567829805
73784815
735840960
658218148
873278298
331341453
273682442
883809199
225197148
669812154
319160629
630623831
221217684
881715903
846767530
549348154
566012895
861705531
518527558
548953022
813067954
868105527
99048145
180771780
772158569
353586785
382810716
476784539
852340411
453372505
539343320
895768644
623928991
699083894
775187864
218531899
726105859
328490973
321088736
204427867
780427056
472787457
176169527
337246262
932299546
658149548
487229644
610307452
597443016
437987557
509274035
244541083
738296036
718573513
627194614
374794194
335474955
12184799
842025690
742660915
960309247
151797442
436420001
867508842
311207588
455963554
694328629
768238331
248933231
381282979
507314245
711215704
681317889
237233544
785915272
586763091
858703140
414473415
708704649
89733799
106397690
8596955
213296089
898493893
242125258
233019378
868854018
508213050
843260688
232515921
346090835
490290286
32607962
175991399
500804840
987847538
156163540
211076551
815635902
146971356
475861813
545048491
910981410
628497690
664666400
95349143
66479438
654831590
325924804
59502907
228959595
955995638
715814776
769421271
305257906
487079066
820110171
562103773
96168489
661102325
529011709
34140853
600177792
465038382
871304666
599490301
359444596
183079774
82885222
199982789
743214884
960277466
164868860
16356437
826873027
669704771
634043131
150804627
752483306
806810196
620053848
450560941
987001483
973266304
69634149
445169227
587741116
199366832
108690626
662493040
401342472
707877464
201426729
416834633
274687372
896584148
398971541
302500993
506720220
998330144
827399848
104661586
752124511
333470691
491377736
995863436
465776137
167105940
482009784
952619810
489808119
261224842
744792314
680705846
307641822
227933443
605247295
410420520
759071911
858584532
735421274
409448721
508622182
845772613
136229016
691308708
153983675
941122834
633480067
833518975
590987423
971540289
462465391
96285360
775499706
309494053
141798947
23990960
512990042
422823786
7854511
22129060
204107093
715527422
566007594
440585994
872095808
123022552
17394625
689689160
351137259
579008069
673420842
675757645
522977058
278366829
857306707
934837240
672404846
457946014
715576257
861897618
549546547
259164042
992353139
169288131
560261836
762531851
695078606
899741746
76741366
807444239
440580289
56248062
434685412
675150069
202551414
87075192
482013717
44719137
631035510
70454931
658795886
415652329
917929465
199597050
441697047
712997974
757649885
681658478
683632604
64013350
376059959
541255668
820339445
744354979
28294870
290891191
414743016
362809554
900047912
963488295
52543358
992371227
541851088
97393624
963883559
989241027
984725037
4597830
550752605
757244250
365697847
771083545
696111433
183570410
567470884
799373655
799528840
184676097
782521449
977788666
634777857
150733755
305066713
646517700
655801768
936238908
833995075
405506838
824349394
407581907
580476378
661420149
901402309
209461055
353382969
190042289
700444642
610883280
160157490
571859272
114864313
401988893
349636487
484991773
44225504
933408259
681228843
920464929
787629139
270830134
307559227
226941006
986876424
444757013
908929857
738806823
236385263
265193180
753526003
153788301
924356199
906220685
882403649
176318031
220659731
521539373
230141076
905803461
432278759
945949710
799291474
606072726
899721943
199831340
114187598
857465437
556782807
941719671
138877225
854894535
570843575
395598596
995418148
304332955
492033367
50261971
697529095
623483269
469414036
212581809
766178372
209991283
387667652
846903484
579593488
771308288
53872487
914512676
216612635
332460362
256544776
56855096
482452549
878042652
912444965
934339538
295855393
559064079
794482541
471312175
636207320
209555289
819037160
143032208
770930011
740709369
267045192
809192242
681691207
932541055
108138013
144965025
568482181
4676158
446410778
26396808
890684485
978458690
555579202
531619575
74855202
143548282
78275452
484433175
386769671
320218806
220388914
521593222
440410849
631021600
591397742
67642865
316420321
528915915
596820958
559039094
835173168
979861833
166978865
558103673
260440324
935974814
553798780
696425140
371787471
297851130
763742056
298477481
324933462
644668885
920472504
629679247
802392408
907876899
674468304
999037149
253673849
366481625
774540981
263783014
445298264
211186681
309718326
390997649
65533824
923289282
450881157
271824160
415435063
406012609
796846182
260465287
470165700
200715597
454381686
41922936
557596924
956955966
416307870
577488516
628535147
551053475
576551343
241109026
940406000
839383014
300769601
474900679
779827419
593012065
47879785
615747363
626976367
95029509
887387490
833524892
855625416
384117066
938450765
725810202
586025080
223815149
521826860
481048768
450452113
844042601
343638656
887010403
550197265
818265620
40199682
139932596
177816420
788007437
889581668
877402255
682294366
264892821
593609591
311207012
945668671
168420037
315669516
831654468
794166645
714343635
809777196
432269988
301556085
166799860
451134029
543618602
555323732
622044919
985321398
338997107
315833729
690537605
444661394
541882217
103781911
990440794
470358971
888093027
460586034
34095741
9341349
646703200
189379603
284163086
695823871
825102995
842248695
842187160
582595362
400027213
184150361
277739198
411261079
224755538
522283052
533998298
749573078
263217397
262321263
928451842
132464332
794351221
539656651
935397727
671905367
993552769
824652231
556642943
19227151
583363237
922297181
905434545
999611630
181152330
822656290
935953348
758393965
698862958
169931037
815165473
471504881
992266824
841964452
417252809
38056342
41869621
417521954
175071380
517751297
215325175
435479091
744947468
405247293
889504197
635351776
736502792
467989626
781621087
703435927
667239467
718638420
146580334
943319818
888833230
85860756
17969223
970502572
575591897
22716687
190709506
317946599
230824343
519886051
913298442
323235995
692367142
687547470
300530492
777486737
748428666
58053495
373812252
469694199
159861194
244635344
544758163
166662648
418376795
418722272
515233868
252977949
249662712
128366713
648675318
661175829
185957461
694272450
145644702
674182171
760900078
858423614
509110685
532096057
259312881
593018122
625969808
592181376
709654190
571930196
449091030
105299709
59822876
433497102
607979195
959135389
682385834
429889267
938332014
255554423
107247379
427303140
76184884
187870722
649829690
860514917
178423514
825795500
925855110
713666097
98179443
477404520
577169178
180593340
43729868
372585553
805046512
904139826
234770743
594180074
510761574
417080271
103181550
233924840
474699732
961408636
464505505
39854144
432237132
662258092
480127618
805042818
658894271
358244860
825815309
994267900
827535852
8179105
60981353
878281524
866248273
467394426
348029242
463500488
788040113
420148178
666775048
404297477
221862531
728732987
840516208
806755289
495787835
641345943
800744498
170015395
965603444
712433678
197835728
581327035
417436536
350936905
848306057
260059587
366090778
716267209
409373889
480546155
147836074
288175312
162655873
521180159
940209118
124669343
904707517
80607088
144193826
849813803
872382887
641704088
2274817
116090474
88936361
446166228
711922180
253208046
767371098
460977786
382841114
399597811
723826707
843131494
209626856
104183781
744328815
703624513
600742173
863941395
516357487
476319520
293110666
878106886
758379012
633834635
986899089
867846149
97538870
139269310
954095729
175073106
70265258
755027948
737028479
844724904
444682829
916207306
925204581
759098678
433914019
495206116
761703701
270380797
867258025
433375168
101255919
42349492
934067262
556489021
833488276
718537475
494871648
655737113
504637839
616111676
685224630
785247213
743340636
741224988
824005274
233411250
349456340
137799871
663131844
173125201
272339625
856035633
220667642
967372875
689139570
419994161
648563144
55234308
73140695
892089051
724227586
352481533
690466044
645711367
671534009
976152290
631059662
84246621
500822281
191336314
603233445
845763501
173212600
328964279
969407060
967668778
970901428
529696773
75196427
545605304
32391265
545537701
276503524
678307868
99111513
350802402
128415496
796083733
76668117
120037342
414650411
508799194
884570212
286478484
173183867
598843499
457703289
412518725
704065923
173271034
797677017
741443864
903355119
597753949
146500065
763010654
759567924
6510251
471506223
137279463
207101537
970755022
528708746
897426487
886155990
193609044
427560716
733884488
855687672
846041482
679000381
4539072
670207233
935731811
343512614
687967475
608765015
444976889
34375347
897843613
920889465
832617170
35967840
237616545
371345467
379246549
418113506
555269653
902427394
694463600
451711049
546670154
834528142
185190324
947880749
742177729
926122520
207331820
573201515
180128129
85615946
689223006
768287096
980917585
789110251
451535322
45227895
807897985
404584528
261563870
873217082
414169350
390840235
778458911
511620727
363625239
452091097
808233779
13247586
110349746
981660670
538047026
631896490
981369340
760885558
398765515
277670890
873257269
666125352
852751254
281880901
94223577
776462969
859334840
702813770
386722198
919450504
25087817
652496740
618532697
593358017
941679270
955507192
465237494
417161281
107134887
63726305
603076946
797857348
848486582
176424798
835558660
783461149
549691727
866217990
910798496
822500815
422154022
33709975
435906579
875098048
327433152
768461622
68792106
582262649
492460702
167534968
971714992
659323483
943859519
679071152
825816863
845840150
401840585
607484659
504763826
480603041
393642027
958396477
589693870
630156878
633804083
390011946
225333656
440842063
683555719
359164136
176744021
731873911
223308410
133976501
583663954
493388885
147291348
974709253
59898797
829037317
976866958
285879469
80237243
90241199
943820226
666389920
884946311
460919863
130389192
464703025
615010173
895761138
38234837
864620210
454457999
995075271
141028391
991222435
384148687
207005245
780175257
178548274
746266732
611509825
491346294
811086829
912093235
105035545
679059255
119500244
517180080
327329064
970376137
279439015
645497604
671653877
590736081
727699089
981064209
705413054
883592090
183628387
555267997
265993366
510658151
495963512
170887071
911385634
607326900
169292313
878736721
262964324
186215010
454454412
41408362
545984789
948646271
221231735
339881223
340317800
487054454
378642812
341149986
262925682
779787831
701538720
710875239
815782532
96044781
998185219
534250544
695281597
635423748
179971529
886498312
462842439
485261083
48539099
326562883
585430905
250898700
741735777
323917056
861906260
542877367
482245178
417584878
112579200
248272711
507865648
815535273
628629324
932764143
630884336
419304288
75681289
754560266
712838310
422131861
482558956
794998690
583374988
873110203
160665567
635734773
934013701
198371201
341219504
41934844
856265928
102160522
522081162
359668253
199374266
551948882
174092285
408322806
165906291
697863464
928798465
596567567
962644541
530817493
113535857
382521644
696774150
478601650
557922874
194321781
567077280
764600943
878256763
370695000
525688225
148454716
319458089
54234757
461007484
836299387
332612355
261914899
726196874
223786909
893103177
372500085
503893338
488772892
640361296
410744513
494414850
190697802
99653155
9685606
342462546
922314103
156082135
796510394
553320655
516728562
222492270
926473669
388515636
849873627
987035558
639931814
466859777
479390934
330237864
659770116
852666015
325204528
852644948
218652480
753574404
961679123
27784456
330251328
412349869
848902951
233615675
774196301
451772080
818466449
689458226
542539856
842674891
84798249
568424880
24269493
384003131
880282542
54594223
397538950
123207638
953354990
636105887
284603579
864843453
100551080
73783633
550097431
714755935
719889750
69173640
740630770
586803420
860323313
72036465
526197382
993844396
821954799
710980348
292219626
412599285
797390848
687939492
759945556
618671157
51987146
979979214
111983458
843887964
540132165
672272233
744218636
935691186
274092761
567730661
350195420
317453799
564330617
578050158
243248177
47789541
878559566
249362939
173861843
832021762
922847294
804487988
829962028
29212014
214334257
8023750
940167302
845582567
394088939
198722289
973500219
990564374
842764928
584555815
837055924
663471255
488704582
226687826
757719669
326327625
504093820
289719867
121720547
292611719
956158900
370885198
652500342
674706763
128558515
120290292
76301096
323290425
523852123
235362937
121007705
940863528
913981927
93146172
189948621
562166904
381845995
993582871
539927491
695021095
191713222
90772474
638325913
834867645
340689529
608396639
924721780
878649078
511848897
762511193
873143154
316810546
540221486
932437015
200195406
625611910
250373555
304969132
804275855
583824400
278344309
557972893
770491277
812507804
237491498
362212992
179019784
486890062
389224270
67246192
641564872
905568226
389515668
435229641
877151681
148610063
592973771
992245279
948545226
72364762
552109600
443991939
977673190
224319768
501722896
78148972
273005104
265509740
369185576
718831010
223925668
525640999
197726475
169612000
401512193
309697802
891124690
197071686
793289016
804547216
342157410
87079506
812491720
552628871
463194123
811802581
945386102
641186280
351411433
722409061
875189239
982618366
898511492
685848020
737905166
435469018
992131187
885578423
931998418
962091922
594346150
196593381
802437549
107863222
113808113
70755646
728747312
26601020
455267086
415531344
551616441
335054103
595253248
172033551
589174891
414000066
733677940
762542881
225026520
64288473
611748368
366625930
649057090
692180287
907443132
870993960
322446029
597235312
654711392
504904923
674479625
35607672
308929492
159082057
647080690
157213393
958715809
595979637
518847770
956995749
123076442
774947826
187702154
160947232
2283288
691948341
146515872
41422170
47322205
564314017
138627241
242854003
742415021
427790723
625990198
137225277
707310712
88449258
245679701
378581502
455038941
728787480
24886925
281566728
375682637
46840252
910289123
747531522
864404577
224234919
199029371
423777372
546503232
766576698
443038079
654845496
180618793
506539964
367519421
318126602
207013701
750948529
499991507
71228330
930072350
944753003
12324432
682024858
699710646
832844077
155163551
912627318
381709385
763549500
784812278
350739323
141969431
399587015
699750880
157829107
164508603
202213345
397556028
14814758
130354023
167214611
942112373
325100710
528734363
171899085
760476032
136202418
944748900
513321276
299983057
539149199
250138138
386011639
50449725
491117314
843984136
935606066
472224989
80538469
627194735
363421506
831329328
752435180
4048892
262399366
557704111
437585267
978182407
513781565
374500791
787470075
426532382
447888189
668753949
65291601
786750082
963457034
315056336
762459951
809900989
309862408
858346596
744011564
682022848
634556251
522316990
562740124
178942154
646516044
726852163
865949728
152158470
73674884
699516130
956337862
500531307
146986995
916685379
994176924
806455903
523428751
570586816
619975793
598125168
104491283
968255986
140164934
181978939
120010161
494680795
894546443
290336940
239041641
96672844
75644720
489767637
836383296
455877656
753509743
239251109
480552053
243312722
768770747
732116377
521224646
398130162
550221300
555227611
199271862
830506909
698527360
507568516
255100081
199885822
122087311
986054398
524872460
910745942
541307464
913704651
752218797
443831374
607863433
555008422
162032036
381255636
516133468
248202164
62169172
676242125
849552695
463945876
224703801
394237062
599952283
251962084
893086832
594137111
306078199
535469999
738252375
730891713
330495215
391947093
103701321
409699552
848411895
769032249
24689426
670232769
754403243
638527813
187317936
538463576
514485626
95521512
616212703
941836086
640663105
22530687
58987362
258622668
248451287
309777280
462832100
147040046
178047174
609668956
351810550
948995141
82945452
337835437
963444625
87421120
812936172
275492797
125111029
510296350
646430243
491625566
255515346
455533902
808657811
604350637
339055769
491497050
761690919
907695515
494512764
406713298
738796411
237210854
540710204
912454265
292375016
294441685
163112138
703703899
890696254
527520228
284225134
74495711
469343921
142402033
999930648
408641440
113397219
347128482
863512828
159525220
123975802
558566117
392046005
418804664
741483629
706436079
105772503
64119056
995410964
982104371
786743345
268851258
94188095
12713722
712269583
942477014
666596477
368984262
681298931
416743715
659035086
521164510
571530082
744474379
264496877
268926094
103353595
288197987
110115810
199949393
319512466
353762949
9553860
776092657
677632659
60991610
758822386
42145560
601705080
68255979
508654848
489491416
891048905
489633281
914393488
386265383
372457205
342321176
937287666
147513067
220096663
826362139
188342743
90835556
314058302
335017843
969309620
706978757
45575109
227465015
228729703
753958071
582281971
984113680
38843421
961731463
385473759
863702017
408527899
815434962
206170652
99325661
703872208
401645510
106667682
525464530
573171066
116129238
913586611
898781329
592082455
535752661
578237925
750914288
959804282
906020660
134181942
110113714
476341550
24510257
617666096
412319367
523585958
847639736
132766491
551596619
765696922
775120692
635698165
804615373
807921926
989029739
681914848
101435999
437931754
766250680
939660877
404837909
226703547
796069774
117268962
615355117
451937572
528453321
610423544
902987970
517552365
517364395
709708399
78067657
7130625
844818713
734392504
259277472
68255879
248405500
752302408
313044859
255164892
556538387
900258561
761664020
729247217
732748947
368930141
108639320
212653731
299727744
993200189
579598668
929987218
67061314
826003186
902831315
166204324
259257289
2942965
509016770
222437255
824684068
853419957
989740632
965125710
279167918
303363588
775738595
127053819
558481234
300588878
43738531
490066339
357551878
85628562
267620114
207491496
507191902
699747450
869754274
551636227
68311036
109908825
966300382
350276662
834951303
142539422
664585293
927571771
635854627
491257848
320780897
534154600
356643091
644916124
424847727
988448237
150194951
726708621
823637236
607910699
252256344
170623011
12943028
359570273
692761878
499944741
47758525
631056462
188521312
715473025
640494429
706116117
123130884
281367073
62426979
667825563
611658545
877120572
551821913
141847686
859910402
548069517
645436763
509654415
99902193
259576100
236331547
32886424
52227932
373180807
186020412
863258105
337781421
807599397
647733263
188333178
605390517
127593978
909689841
18529194
867040227
723308973
126004630
83660233
527793390
645967920
972477261
530578952
136791692
334062064
393782347
994529309
816950594
848105927
282359001
863984105
387660901
133657830
898190109
947940033
311183778
334446822
306500884
510573720
498425120
586620874
854059247
9837410
226467377
290888298
445304357
466918072
694595053
342821845
560320734
916895442
570311011
66727768
265164329
919575977
227036684
242925982
996742211
914964368
158882026
756470321
384284790
361096380
938016338
784945350
140859236
606420913
65799165
253040510
8333868
323573409
604067896
149353614
124348582
3853463
674457298
176801408
474108008
349526412
349179743
936457767
737364504
608217539
669843257
300950756
831928808
297003234
465896144
862391955
765646351
955189732
680398238
189412623
789404474
200490349
708149392
577420389
402014404
309283252
784231974
386940176
960309932
512529265
188203267
608323358
972690275
27470328
240376410
594933610
526624608
182603348
278055371
312874626
801507198
782974424
361858128
631709285
580645038
95281171
240249809
44575978
56062884
552986181
843233383
830908291
97615338
884681433
536574236
716089178
56363718
875505522
265791034
572774061
580646851
304894735
184144841
960943365
72413338
541794639
66821023
125487556
191042240
537300353
544434898
651546451
272570779
441814280
499837972
647273811
88832647
71890907
246846703
542252331
698407458
989610587
612080234
331582468
235311997
706554442
742347135
499683525
828174173
597601894
160701615
899089246
115305620
416233930
373642874
754065496
206340942
731825539
792886764
676560772
994907426
319799995
723488954
226211847
117978436
439571549
278360197
614303989
799748385
443561360
871472153
848621228
178507454
903076455
871610853
533057823
543808626
640280934
36130925
263547280
681097536
631729212
182367814
151785755
902115225
967257128
407911081
285717651
171916546
938391802
658364708
837647502
781148235
669194849
955218827
553939617
146993537
902410957
872547678
161380694
423325419
910918469
177032552
754688186
393247084
439910688
820860462
708707424
359327653
615845370
541202731
13688362
382101239
30359916
164133176
50172978
879073650
126429432
178307860
747570181
576656552
418323563
661467104
117794709
687031388
477740460
675029397
892682229
240422745
509575004
794851662
995005177
487290412
423384501
268692536
783850574
158159955
318332116
114862398
83047257
59247357
489512896
323572961
627807087
486988553
585291310
400554287
677582293
559359262
504452134
773653442
196025811
455594518
87394180
368089673
18260089
877691482
101366931
262995700
138376853
351512855
152403531
403014806
779971830
333194865
463252902
461633854
215951472
31527973
402903045
68656774
16106993
820070244
965558731
499949137
192562690
981918572
343196225
819552689
731855844
649591775
921750854
63060515
648268286
533858855
301061967
930667444
989259704
985538143
375244783
619644406
876418871
904238006
118211695
327387119
848688707
620654080
470968074
28830114
833133229
27592492
296887944
616291443
956532822
304649673
407122916
331457759
196310145
652950499
752597143
820157934
876503633
621244459
391156868
147213926
505815412
540482242
900995385
810853424
129662506
891207213
595067986
726597417
416631040
288136234
911859406
850009352
999242275
348353176
513666486
215025673
650666928
852885291
679813087
625343016
936395564
385835444
625456511
234039966
62912033
423671443
442679639
911468337
692283835
141230800
213918801
557537958
330471310
938546710
405829153
874895993
742733388
593927261
2619100
542338353
448373749
663807083
447515744
345629116
131018220
706680601
263322863
767661773
197728511
624293264
966713903
764670235
638361464
573860790
17764949
4402530
688766590
167324328
30444372
30880211
894386018
244383174
958747743
872766824
428623378
743755727
47020796
855669433
626259371
155215806
303184159
259938380
543919635
895816062
521353107
716562569
499252693
193530249
813609728
108260124
242967801
631722538
694644302
367914191
548689898
246012529
732884910
858792182
290566617
580641240
253858556
20705098
527630971
120699174
727834480
202371695
81704551
852623865
45771603
999736148
846683730
23677241
13537886
352099202
924813955
572121851
556458641
537418182
133609094
128371821
756872677
706503041
134022318
87953314
611714703
324207069
730907184
645582141
334081919
536793676
84192185
342869259
332767216
184918483
476410072
181635948
622711833
757508828
466022767
469724483
324962078
650987180
948912232
672436623
926260493
508564923
818178786
686014360
225070986
347200570
927524803
345657938
607448593
999827892
52885075
530471783
452695375
251865340
625130759
694919270
607032838
834564907
235839626
595647595
534090633
278786513
73188471
258618964
708785826
221551874
811026134
781208616
815471013
439027752
146926946
407902078
782974901
914364608
275256054
727666193
564520777
57008373
914981481
842095195
434011646
612900380
44902436
779491435
109631806
177752020
265055259
893361971
616181944
892319224
18141918
319680684
852676685
151207335
467698783
314543376
182375599
55411069
8872376
711143082
292352071
861694098
260190559
799659019
225278326
221647336
767112423
760171997
313361286
837049953
279758806
46315764
179738557
870100134
32778353
536917337
539257697
302434818
477396150
717913066
789431859
30490715
841408282
325120602
466479052
773147360
390293386
292379300
511492080
67504333
434246032
997539486
709021832
738764026
694757660
871951557
380086851
469023759
823770702
232266642
802141476
293470891
239252402
245836842
856197576
107162433
237967654
622846100
172905500
549035419
169718846
297549070
425309246
220205302
662207932
548186225
234355561
900829628
736185762
50178560
685697822
883621895
259954261
199690201
482417509
847577948
301595028
139700577
484796877
951124985
324489756
360914856
422073589
191248846
724220010
919362468
456221044
234048141
822455948
599126148
969868410
318364012
762768321
688228025
391626564
472185710
108792581
751309222
880265115
625715093
999065402
234665247
654331440
652435900
675504117
39318690
290796494
553033690
818082206
960929138
97967969
127408502
175655884
855983263
747389101
278798838
213864267
867744955
764685789
522164506
475103377
372001362
891694946
626564240
473029261
739208944
66580824
900160821
6777921
814099519
470526204
713905887
366163422
456900503
38402312
682905341
126195545
490734027
912625131
639407003
761227299
216270803
673621013
931813694
437241301
953475073
173670255
604263001
178102105
800313904
793226952
180470139
872717341
564817911
930556392
200000396
164638734
302403573
47763050
476006337
150025099
114778062
765073814
83875416
55263239
277856247
13922660
838609860
619263527
231137268
768570537
588311040
671080534
196687799
559556564
873633222
571501930
966116295
883489904
933724741
346159495
322516461
896782139
941588923
483357562
7550896
680982980
309263321
90872670
884935130
65905014
868491084
24292534
277689296
324636295
319261598
804135809
227513554
552840461
798270531
452476683
825414569
279907077
456889460
884508479
581362273
199632780
91714359
374441103
977693590
366155792
337696064
550435230
172964732
647258202
300776349
430084157
40905425
263358889
889096636
422404762
857687255
706960415
824713059
870735946
937444047
726783033
573626989
976988230
831611294
874534860
318249133
747094715
598904608
186750387
600320424
1133183
766007732
843024635
626392307
24385499
867726879
812771296
838363565
155049878
945292313
947948310
889762410
829174858
364752707
666962293
667147013
334005964
861354551
336694958
636799248
105130626
764986580
552059051
852308196
873480602
761256698
543172721
746265498
63211387
654414334
280394832
340623536
762240158
357271838
585460829
683287117
624919251
589211351
126232898
413922275
700481651
837738954
832903963
282966326
925605142
978415177
811631754
582740286
579180867
527996957
795075113
994363075
87642552
232223480
521267470
364570245
356610036
682299998
172404189
508879736
138825295
179945144
440478705
265429292
282490963
587362356
406556089
462842227
742260323
699546122
780399207
861318855
573251338
695649664
422478251
17564205
894123157
465809210
972963563
450535040
399990891
272756946
828025120
841139755
363649404
306643508
415580575
547424484
724555480
692980431
824781240
278977725
966097664
83668133
240924124
764003197
10110658
603431343
692311484
158279851
305508800
671469492
659175436
811344501
591417708
225438386
950504822
765402919
295926075
811966242
486868178
882924028
430797054
204814414
763734014
163350286
748389429
81117258
744787608
925764741
979097960
393674199
976478861
347962948
466844806
949798469
677065076
211986529
713515171
39744973
420569755
929508223
759185669
549575995
761505417
23486594
752273699
360967188
276937441
924630757
129969901
584302341
344157953
860664831
203640125
134435547
336967464
461996538
847825070
218837196
511219392
770387047
68815313
164328348
541799167
862873946
221764144
145300673
292734795
289322041
278949736
457105681
156675097
458318082
607068909
73149016
276112020
866435072
360340644
428945064
262698041
782044284
152179705
196347860
470850451
183013434
201188759
959170014
660107792
245857804
587408393
326589412
493196769
164290544
214416301
216476827
562028236
131105124
53882896
792026209
28286967
774226596
262435507
774868648
646299345
628781852
232920127
360429783
810880882
427968854
608403051
168928773
565522976
113224072
691329764
68452358
691880122
435998742
549826971
198762218
561851135
902427807
390869977
757635582
549723900
507620648
743793013
807361555
564517228
216179997
924226097
216470859
560623246
398726306
136833798
238514777
249208640
63548733
902536786
911632765
926783548
887649011
433757602
689362437
794259247
199865581
529546644
230300624
354479633
943711862
723115377
861752194
318382355
492870743
724773899
712035032
389831205
471410654
171685406
797464391
232457831
991062694
849657284
596632314
119438808
582164648
23063901
57603824
410044001
729366077
257019718
907760469
98369055
428885263
933120887
294959876
425738409
46254629
683990940
902454597
327126849
620508359
889589151
324531266
561574852
455876650
179441700
512592138
206725629
570504772
126203692
81122030
529348530
815418334
699163972
39307051
204620801
430605492
882277669
242072432
841939787
430517372
824380405
925710036
106214629
487550882
892240196
55953264
242949569
10069254
216357646
169866621
452294970
523445577
696412205
891096136
412159368
156261434
135002044
953258896
713350315
794692013
338872000
323285582
492255443
500082761
948697852
923200481
692684973
259093405
467936355
973466443
57243831
864181403
312241151
837441652
543292501
89556102
665536123
277964673
847618582
336257253
974154067
790661707
882602841
381453203
553190451
434051721
914970234
12809199
924936340
839529932
890669431
108770711
45874514
129916985
898053575
515821110
631343652
460887574
316920410
133332659
358936403
75619448
806480804
75098091
882469385
715612375
366735472
738497977
107588414
375032423
337972307
12216693
314538336
520023039
161089305
194155790
280673687
894705105
239866643
308383899
465491034
497871804
311836200
364015124
277025541
916147932
130855060
20283341
471882432
296625169
756885808
109433260
91406417
255042111
785490708
867225686
64665694
115342072
650406715
280998016
121408641
546665670
526746540
657625508
41259189
238904177
325372637
91440312
412684526
806374166
31602465
937508747
6940390
368265822
645616345
245911269
967691682
187052969
665097271
112003298
857838901
741249779
345086546
840631824
928845490
957088023
25409751
824417420
666243561
50798534
284073304
543575234
630592088
477378934
704545771
333247329
93325201
322200906
572488800
335272021
435920514
164028239
767475636
119794772
81215665
184653226
959861739
431347398
399910755
158686147
594369538
188265362
460682070
371740413
581321713
378426435
919808476
48629446
655993708
441611479
696412939
343689444
654502946
948514585
501978089
586630199
909380228
897536568
785943079
419188835
586794297
754218089
324399475
272920905
262531662
413848578
259398890
676013674
393436189
154251401
182404384
626051531
990133703
246622008
670681862
764000260
255699558
565014064
913434508
170906675
763971583
927922983
178113728
371675203
889137328
30851424
520246400
701858354
201409384
20578056
127578802
448581534
945793313
79445579
883928016
324318796
67098261
938634391
276582775
416893443
3198098
602220827
459744319
53422701
85678106
632946420
770541002
845288105
99567104
486611579
180459401
80121707
194219912
103087149
488317360
511960202
571400061
786143951
486543137
770174981
624433343
386584589
388191506
895551580
606971140
607728056
978532989
279566711
572172259
307587660
213773384
622633976
444206983
472712865
47236331
835562577
980796408
278741867
236528696
239788714
646362673
211402632
122230526
88861997
119044489
584028970
92449219
43717798
73719928
570259568
437582497
488664545
243000011
915226076
692519778
829565286
554253803
980865131
220604934
940417285
655455362
985470517
369151847
613352642
979017338
748670466
642470882
941535109
856916955
427430156
234136062
168364663
194643651
33782231
322199196
568943054
182780765
226334629
881770756
416723086
971977527
960094987
732740005
143181174
242355798
53278969
34689161
445132568
843061339
588524185
283036808
473624343
782482386
625833888
806315561
787182302
516437081
75338811
710641551
314467106
469128296
253816822
655342360
509023983
929015276
339818271
30675558
427294147
549959865
382525124
397079093
936297066
815590098
415049990
895997656
450033315
52964931
972420947
34606056
475436467
9868320
896542084
112993268
920567278
976879117
803285345
309979779
998006984
568201458
610666016
726172984
789725799
979232174
317587997
349945070
78959645
952523091
18601113
792708064
43820345
981486909
212303037
430216394
41462719
632521701
396314634
392122385
257802297
155886305
85771681
694864300
454644758
221462592
316633551
211865862
683000211
563630294
940409095
200002340
855854168
976542050
14192226
255896739
59806902
322618169
124963717
447917750
652503126
663558738
315745773
256583353
640592001
964887056
713822168
564265400
447336586
354928324
237084141
558917402
160138426
248424449
91201476
460542702
514449100
241550283
227156618
351770214
587654459
526668799
411276487
544211491
313672797
468178811
38561019
374278327
173579600
551044004
552931829
475658786
656228621
350922177
627142976
132143413
836200984
356635924
670731505
572497566
462591125
521667207
602267794
394596315
58271
912305940
631013732
965245971
126307797
430746089
874306296
476620714
251459260
175971537
409985227
18821233
264494589
550033825
560963280
880785888
875491291
256867811
449246489
759218652
459206785
845504349
613107150
957402759
448143570
863687152
164180494
169550220
896647402
12936698
926064014
876679111
712269563
918877755
840088909
398799561
569840535
60606070
12286833
305102836
27486239
213616811
511137987
383469562
584480970
549927214
893336651
715429744
976398526
611084953
674869327
540289914
619381938
527586887
351911424
307961795
540678513
458899184
582685307
478888241
153509157
505983941
532397850
401359581
506834436
100451174
173937585
723465493
151413948
422910149
353119469
244570503
639976197
831165796
659384775
443081148
144700149
416532989
392444696
467451712
50972463
254216376
802692184
224804755
585055140
167175244
447847128
649122645
700690838
428043014
178820816
257343694
402378940
368599136
853583279
958240529
525123183
89567118
392559420
526501133
255981394
151308528
561247762
207677616
74188598
108320375
408561004
651966518
647572346
960601534
439478982
907143415
872316530
157331469
455515984
872801086
814801243
215569618
82272792
559915218
35081867
308068028
531354038
640635278
949214218
434531589
545335977
708892815
596317534
681975845
887183323
122120105
297834043
890354482
869828305
274295821
273755069
859249229
259303702
667502239
126323145
244501556
274832632
992113050
249824636
435156795
110370584
455975428
403689907
541170115
748177780
394732169
969797143
464670255
182949929
956930886
256493473
488828734
543457792
363223099
65115354
182423039
153981689
592669891
856584072
989484747
571238289
399655229
346215610
112715197
486519704
519543682
553863488
683311762
586411387
406726961
665944637
646832670
525812610
97991118
211902664
206574280
918355670
425555909
782265439
27126762
95028263
815860159
786086486
512298554
805597832
551913631
377415909
366198562
917266343
901334022
789735823
530819508
763794558
132098884
349920908
248560025
983041762
983566644
937284549
50175304
882076000
171292542
132378702
330110787
941043244
940412862
89428158
410613682
787507542
540080020
620967113
91063444
806532362
827638970
457503456
216435092
66699791
17592893
897775048
847023222
754642801
574017540
149448860
611676732
979022775
784999335
385598342
618392597
529021291
233569545
233835886
171602041
433461939
812502164
609901444
691263349
391986634
762798550
427837144
480057410
992268691
813296056
248461977
538246082
846840126
38053787
256368237
223469232
963136009
102212724
48542377
867358476
851320694
404700128
72402348
705952364
666970721
632188344
159273752
724886478
411804585
868714051
878897516
829607440
586104571
808852775
119885183
593283773
73302505
932162198
345600341
743261993
913314959
17422146
944440692
539196231
273484390
388287831
163839590
801861010
50589877
819318184
412282701
438327545
711882981
124338759
545745691
635060691
922608679
657596032
298653703
622163499
506134265
607040438
234334028
397956100
808798414
924040906
392071513
315358651
721695078
606007161
836598832
122612890
954179436
734775124
820738434
792214208
425006167
389557205
780218835
82600700
430086978
132404493
108689122
67329911
519147734
80238659
610933667
651361859
540867828
428046396
117127854
995956453
987092712
545374060
734247282
524582308
929882333
819324182
37841942
824807356
129007761
472939038
544957744
23323479
775601475
398561046
431825323
925697992
352320053
300574053
683439058
704551628
834021541
529664191
230710341
209208765
266387450
156569775
677322149
344373891
796819456
59274789
913231987
496953589
796730099
420955602
170392381
767325733
243020093
540951612
558809304
414688438
175754682
241696903
867218841
384330815
152111
696797112
210468385
528161832
650196897
965900670
949730697
643035375
765188552
819421889
258730527
163803568
597449906
837901024
746569467
84234822
40845369
110610075
210301561
737247906
572113790
8652162
53729467
804433069
630803628
422511140
950904890
257734819
711934793
229511710
231751874
170577688
249591538
881051893
389931266
112635495
8918241
94760643
875807644
686964238
537788239
665178013
896519547
252188483
904630986
142922596
505421636
310846706
973085179
943428707
685096971
255541235
60368168