2657
119660713
654494928
83734967
530943279
76168426
452434548
98653597
16576793
854388282
945451429
207047866
873950224
516087724
593428380
553923098
886268332
415544763
509493079
475890884
501777824
16356875
686635376
942732812
457267115
695540726
272104882
442714597
408720260
824883497
371413063
421453554
162036139
472974011
648789827
31611066
897796273
822553384
530884645
325974601
851002397
836737100
283234740
146824063
285877672
339251076
479930490
579308173
326101029
245227311
698264029
334358525
712568819
246489368
199237348
358384458
572780156
456909823
739611005
166080974
949403984
15969957
948228796
653009443
878752290
879943519
467050981
867619676
530076819
468591144
775931765
962514681
644563416
519586721
554422929
50307613
864661457
176609639
470698806
518358305
520628543
151390611
328810451
815686287
435982625
435977340
421574707
831642994
341879985
457874650
24392758
988131516
621239876
984076781
425377459
543037337
169489920
167892059
386103699
477419284
875540516
228062373
33378565
743007329
344381877
461763512
908610571
386080764
448913390
646922669
338031795
375148098
168101116
831579336
451972945
706753753
953294967
19066247
703974305
504598294
142537331
247448899
831968182
546434191
810858738
201803891
989479040
805263191
329084938
292096588
217419071
766219588
773136821
42101562
74795573
686774495
261242549
159281241
604086717
853135528
908131988
468044125
90787504
653619957
586759599
959603640
929943827
331928354
884916105
471191071
26192091
268137746
934940529
780072162
704044408
617195670
150013522
761167939
348492685
588171400
66962264
255128758
165215791
662211152
912778465
595880227
562602664
341558379
860963813
917294442
59737834
174496338
137069297
933596640
285464231
672884955
387261505
160619824
654932759
96389383
488825690
912210612
638862341
494653455
82079428
233766629
693921629
932589042
650043574
91057358
313448036
427905466
673123964
192633228
307848337
962675066
711113446
315895696
629855719
957469056
904028564
611793424
454770481
438852238
267917971
701828672
598732675
912053804
599327695
781212751
705511751
142925962
501103424
987952042
221693795
890450933
609690263
584925246
768027036
249421187
61677277
128278493
8575373
323975507
154052171
200732154
968291080
418756138
276332837
379755643
305990280
1595015
422581663
926739274
688815396
24378593
221600881
581947622
798443415
757030363
986111742
632990418
612213780
899712736
380584853
822872344
976435791
561695477
126536162
238458073
26351124
570145562
59019363
117984750
605920415
110313325
375446027
887150730
893806784
224841482
114043863
559725749
990156804
232997742
118247395
923333552
350577546
727595914
794873473
804151731
323885168
390400362
606677740
610908497
259937927
161522521
777219371
530260924
577291451
494641243
684110709
995927512
798362272
831002435
109738804
545769998
932255407
834062099
847380592
783286475
150940984
65152331
107960154
95541244
556477874
918495149
596838110
335807798
336912564
819361209
391896762
139298878
51363751
991413871
918874736
713593056
506671916
722250881
50124939
952183882
763945754
637531101
63969186
690581855
737358381
367007651
84319524
210370044
895202512
179050933
39941820
22208489
159630659
853389706
921165345
81785951
678597107
832128699
343126091
105270201
576859583
680932594
616508620
607429164
166220525
864254366
674740491
427199066
904190230
625303756
322986692
452878881
558673099
832279828
950265154
927004929
212824645
77294737
140752885
901939548
645635547
787869810
562505712
920280039
409386455
962738580
100728505
590005538
293316197
616543932
298984757
331391654
690058569
812854202
700063017
341353980
876167160
995670596
191438766
132379801
21455165
676800907
453866025
822447247
223175908
609217650
138093138
524485514
574609578
665172811
24555861
623128897
432644680
85762640
44143129
790283794
164708379
126265518
866891137
298612108
198573183
212558136
735016493
503722893
225166671
534188043
583165678
214068588
85282022
436162101
308149736
672884128
756387479
329992292
287903762
340312658
588115076
443040551
807307455
8718616
253223635
671217590
886622142
576143159
405781452
729977890
943172193
344703391
411151658
773884147
16769131
86053422
159173684
972898697
102241029
866235435
704979497
390300921
251906457
92857757
713373079
996402843
306524012
487578631
556152093
740653041
817983160
607311118
511134050
472460573
957958440
640444215
550473174
232649561
570551762
460146638
67978509
989257499
240931269
116709765
200924218
563168254
855764719
698887447
852914638
722870904
885095454
214468419
56206834
457212028
185789981
785499871
820897796
404453306
570029421
753945703
749160986
449925037
913572886
292223575
703153028
682743291
447312136
112612814
941818007
179273493
988574200
766212514
948718039
283468061
251427719
981341107
675389916
866984579
305170444
526592086
482807564
772299900
106932941
217461689
732998075
297148632
254526925
109806763
790685868
145610350
724557502
296088182
397611453
145834621
28904535
742464000
512492400
754589730
593489323
345550784
996227013
395875703
789771238
22557354
93047081
690523960
641126960
851831379
845769323
794814723
35459633
400046560
515458059
335392972
195344010
674034959
359261233
117121442
16379723
390416455
766784640
720907688
928587026
63291145
539931119
691408162
796005330
113976747
73529472
855164080
534085800
683085250
458598400
598846775
117354604
897480634
450879856
791377294
962871561
545510242
524665345
380582387
341576373
193804902
144236368
444203536
5141669
701599940
210746948
63576362
196351100
453284941
855716641
346494717
215347462
621425892
970719587
971159081
337248610
534565844
219466648
126821298
930430700
68648361
105272853
378020895
384109230
45407777
503664114
454706715
301148452
30796051
354989058
429949056
169066841
641851606
965724942
717762851
876079040
37402509
622989424
826526321
417812023
794577739
679820541
763078392
753953007
887013341
53103469
615717946
890437216
280562160
428676658
269087258
408740982
209537701
246992265
312424298
289582486
975159084
906672562
872819564
433656117
606364834
790717506
159777795
333393226
581623948
883398870
625349386
396862635
403491411
642335687
279558059
397291848
811530422
774693014
267948182
757380245
698800489
488166911
272093382
78010385
207659972
64507739
421902599
568125070
273707174
262160706
833821087
908967979
361128742
414109036
591584557
481644579
496326100
891401674
563767647
38011951
840266627
784382929
454117544
243638456
588461873
69571691
292400260
236314454
859430623
704484197
137065510
766409768
190992663
100602613
844390028
147078858
73942006
516668435
774784550
415846340
798568306
124017436
623584027
101178048
140497831
834703106
424483731
234677612
735021606
330463337
231835969
224496933
988758945
330637258
63916819
298458622
705551523
202497328
581524517
859105563
251046781
684005728
997152733
344444695
604764787
475695164
865636406
284539255
291564514
84587278
138340877
675481335
978359974
589705737
159947272
501159686
640953496
152049579
791060408
666683853
922231034
286515291
401913735
131354965
283130344
595455039
721447255
711366842
575360846
526558545
462975762
714341775
630874910
449684552
221334164
322350360
459617797
973017282
83992655
692739009
597123018
49542455
689748348
17541877
517732262
512281281
552074013
626988191
609530773
91750813
785869403
736065752
141207285
913661031
20797362
679079225
382761451
338636955
340384118
491153557
757877365
708634092
435915846
851723455
810356879
677641584
241418201
506791353
143844006
344183395
548956829
633288003
470446213
254385523
439813301
336613231
430292702
96130527
918918756
319664249
963694896
498877229
168036984
645888556
174693109
542430350
703223558
922382151
606166050
771561585
718069629
178697258
459728360
509154920
119930010
291087908
433223913
564803188
510346329
61052953
583347049
128674882
902434896
833798624
591384229
777271012
89499852
611093778
216622525
785390927
256269324
132205260
22218025
406842096
249283434
681210335
420085618
788016438
732001929
779675899
40638900
21399780
380638333
507031700
71906667
31942985
727561776
569490625
394456988
983329249
845962840
305910659
659750909
335603617
439386344
564365430
983323335
382798647
614014395
377848110
323421312
687936221
932124515
836737666
460482736
912919947
667270407
157994962
545160711
418723001
638057147
461637004
66455498
777131173
384008338
902423100
256898024
357356294
917021033
261786801
398847876
954447089
840994397
170323600
646275440
615017282
377716033
836469708
969809071
153814838
34087746
397428359
972417338
187615785
722257242
66673999
769107582
599236022
18773073
400054593
950363546
838256769
562042357
289295691
45615127
74987211
29639934
401134628
752139119
998926713
874248102
85713311
474133946
632839770
257168350
371881503
589636143
888648193
182544801
361352619
973067694
73556983
630261009
397080210
552614680
21248716
553466446
287017485
400750216
557318246
558579918
384454116
532191398
852008338
586802853
671710029
512774911
48172857
241416870
985695806
652047301
796251390
421611135
853916156
838193046
841776094
748617271
766891416
993557676
395615504
75795509
370199342
920273846
231895787
777261327
216796486
82494489
916539878
587967635
497788657
333947021
149379760
522053673
630232739
470977916
120513036
563589803
726561538
82974567
796839289
501993735
8518150
358216707
86586047
267001064
337050364
578257635
988009661
562050074
123639721
84361343
603106242
870589127
343738237
206260727
281218096
655140547
27670124
406783746
461479581
201366692
531829856
199324349
598614760
654154624
288486954
418816594
682207581
568528662
623266326
890769958
888195055
804368274
826986506
340374518
961441915
68996917
217978486
341907624
192020359
85859287
316623273
550131598
494055631
53754774
66228956
508593712
360490543
601433344
708927006
849831191
357511738
44717433
38730765
90290417
391867387
476117509
89434875
582904953
50219555
509256657
110930288
71366011
83707994
366240784
205013620
198397979
721139409
233067361
467765767
257233032
693706642
731306906
155035222
500403261
346972028
940690132
760384185
729849662
986481036
887377239
861805753
351770056
299000056
900783441
771363951
825905487
69661995
68879578
792016609
933187037
817840360
121023012
135034249
3175727
478838363
519695881
7744133
275282974
402040241
494903812
75682300
33192092
675443582
290170238
671216359
807574437
591802624
495454856
701382231
548001038
789507310
685336251
911886082
921260692
786210307
948932197
402532783
361231228
275153709
352225895
710946885
832392902
964736233
556875591
185153491
190398482
730591939
930546753
910027764
924608518
85418383
822011422
158819247
969767358
331648706
35844946
163403315
268082726
744534886
150017437
907491779
611064856
222530263
595965325
72462102
359567415
814416185
676369083
779850034
692431510
943001840
259043801
169336120
586057573
615382809
873544561
263029528
39245694
543662646
627288464
968918698
676330860
962138199
495194913
116434497
239669729
240461526
881431105
987287478
69593312
554826819
851858400
235214840
436680332
247977815
351299507
91801355
994812197
275539971
74174469
877038839
529756605
80157803
473456313
160246591
744729972
31252663
720675298
680192852
212542947
911438368
624128310
788470631
966198998
174480440
726736003
578451923
440538820
213226904
586512127
836447518
755939369
179602293
916424847
659000083
798273192
572714380
447894933
149673511
471403337
953196163
762861502
899761800
705053493
237527061
241827540
32442868
379227882
893722021
872874625
313585042
772598721
102497297
897990657
33317788
855444288
861290924
535880337
442526657
192305527
557772993
752435980
506620659
66548504
435763326
410860027
242839493
155963294
596971090
831446430
977593966
266802403
563358899
95926802
692593011
976702888
201332665
896181855
360496935
198488762
25923326
559454266
350098424
78611862
592662498
470232636
159568916
813642512
729327435
423210319
138597068
560536407
650470017
879500510
11097527
189551263
468468569
421359722
926391175
53957763
270753077
573080574
473038607
137993065
223034508
755350530
305047432
658589449
944254600
299174727
150811244
812481737
71852819
483448789
90689856
831479559
434784201
613959096
835466272
869130169
606220628
660942567
911029538
61007412
754268969
594510926
497392269
235745996
159141783
247659800
709904299
329308149
751764090
103738586
669015623
910893607
193344662
480197730
784397820
50371554
665183253
734388884
155396801
547724273
730808290
842275473
982338375
744964173
620807354
979900708
243343753
330892830
999994701
26541707
966277006
199608692
475268953
305492981
42067872
198463402
184857267
433382291
692137624
896925778
116044982
381953140
706825608
789278297
597688683
477110799
126032219
527985647
772458718
479713011
416370261
623718993
617199724
404036042
846439040
868901022
200804100
452803655
181274812
159871493
395413995
355367453
664717201
806228138
742123230
337731689
470063626
807512715
176721482
290186937
770525223
507652761
776823644
449469665
158172495
600408176
121469997
375122245
116671070
276606334
901828434
386425324
241586933
146241865
648097590
210327097
336201070
366956065
615000150
934107016
383081151
315038491
184571532
518772966
23551694
212975876
640320321
321889236
718969972
940622419
253067792
421608391
96770841
722828231
62172413
317056505
909136313
614387658
834049552
664948563
777707102
9081507
744856069
872463609
973215578
33541263
956428509
862054268
573590449
199623989
958926715
588896648
869648664
821281822
168918389
870751132
862390895
204890505
460971057
68846222
803403169
738455202
59777899
593702891
597182377
67385870
470568557
549857722
802034265
451998025
510876311
616019733
912096423
453049415
521599745
620851110
514468411
440514329
440173800
916391582
439062795
562589600
273258014
102985930
565745121
592363372
247302124
133975596
543415960
770720393
698958392
81427015
962823165
350752439
160926764
130127060
642878977
329998873
85067144
606514527
154140472
96201785
822636174
295800488
19648526
397398976
743050294
88031037
686561826
893978251
217503695
305839992
909888364
833326722
417188559
104670554
264552533
278845888
696346114
987530982
897805731
436797148
472818092
901249843
544123576
930987080
760324299
761348226
999424692
435177684
282063840
981784950
312356242
336778327
346013387
926897739
435133287
410716273
580142161
846303113
657379160
89295884
639578548
611157699
591042718
368333228
967049208
723608329
122886058
855176765
525363697
27047341
3158468
18759524
600679531
510656914
888249442
984167254
976025362
347715422
74620003
187971033
720867736
933371366
532265862
903195346
498703653
900669416
478324985
977012759
848694872
913254118
822022391
443901161
188734094
538424841
841617021
788440916
8034198
543264165
663504623
134623415
566318582
736778390
4107185
268943913
527710861
42836201
682571764
585502740
947238132
537949639
297590302
294593190
275895340
13110134
461676345
829729768
171168289
297174060
190202022
169644466
485413797
745262879
440646357
192233481
509537587
888900645
868121495
687862840
267663356
504148495
76666659
801205710
817097717
82494920
437197248
827274367
470312159
687739004
204333548
138135423
834326068
154360508
661052899
354502515
55305752
806355096
867365388
357815459
642388970
574062737
342777219
654853318
321105062
982119529
288487931
804715874
663850649
932641659
704520008
859572972
244045495
937872606
210874166
131531132
208490197
167993163
717644279
98782194
274416379
177386205
675877162
655888760
295304255
932690128
896057173
111653312
401953202
413594507
530685557
837385518
266613428
151835926
956098793
41366439
308971836
146158042
50431348
694014299
961996304
471943375
959007913
651435588
42204510
813924212
288250188
262553811
329053754
48292509
372651157
44547462
743896049
889539518
735452261
482556334
451998081
849019180
133144805
350204658
860362927
85957858
899554438
235365878
81702750
308224628
477087592
420788872
806005195
404081672
351930824
390971148
334617371
946231561
791772759
756327067
876687364
485474698
281716015
91674306
598962845
99040113
662710227
421594723
844944550
300142606
193870166
484388456
998945959
398567022
96573494
80748175
907408287
776436676
413996059
437167011
346617843
265240861
270639750
405701891
520155654
417350402
681778404
196452792
786061302
654144983
746977159
755053676
836091739
147349079
180926451
892844998
567067294
947126065
53412836
999984664
920600079
902725386
500739794
341172880
81867313
145218543
749988332
785940923
964629407
319707998
911565508
301002465
618927828
866068585
896929226
462005847
204275642
564914101
165999108
565308504
580521948
100645155
516506499
280106908
210843267
961864750
838897959
633563881
707174737
939264032
510582170
140393131
593296975
569919287
329742775
842573226
827321972
373184616
719680213
482929346
483726436
584914088
547537796
845795696
898015253
18662718
747510063
990522755
416541820
279491025
210414464
685578760
304221192
408320387
591377102
910068313
728666361
335701564
126851610
872624503
38762026
486936565
954303485
427966651
952364217
422620234
576664308
985232611
633533060
47907671
4162393
672401769
900000445
664711125
758069119
547732651
483949097
345200914
63673231
192024766
498784359
495572126
788130525
994581664
59904491
443202235
396221550
909124380
343951220
769679723
223603964
732383699
6771785
737241616
497755351
312863362
413380260
385491442
503004805
804967840
859017455
628283041
794266001
890036647
596230896
205253594
494269564
286143777
628108496
655006856
151865113
959265179
935860447
290338368
953969363
538527007
227471136
716956522
157849918
835534338
599913653
241467319
571358271
271794293
342206856
536116564
364779198
205247133
314250830
95490645
177587149
909626361
646606780
800993325
884626516
216026871
715735964
451492069
727222067
957831991
494783979
748471738
582966824
901158218
473510042
93163553
47934212
229354923
250730809
176930052
294031573
645699382
162846618
995058171
497760026
578354008
740698547
844899831
831489278
627266012
631236842
91641785
646371679
743155277
172318605
944833099
963113393
583846956
789622176
615492563
792435269
717119325
173578892
902653259
294956373
245337673
324636761
33088747
12941689
163151789
345288112
455346593
430878922
95787011
452003488
636822565
221864197
318203198
639934175
819283776
657508109
100742171
107656965
430433787
536544178
480868424
872262109
769929706
624263336
975913871
275740647
488045329
619227594
762139408
531238174
155574341
265548227
812035598
508021446
887396570
479532049
124485143
429346030
523920527
676949644
811440955
725232852
3394524
7563373
217307933
253042363
375957242
99799937
139341462
368087129
610273404
526329054
867147426
191584258
674225337
220049621
125538538
844205122
323117373
498557864
776278361
228786093
546143948
926554168
331638220
650988997
988649439
307147441
17851366
302517307
197133730
388404893
129849409
378435202
840423934
602976248
913244501
906577390
309852923
499790878
734247782
814603991
478840269
296637339
967506969
657032025
60824341
842355330
491227489
466938113
439837531
987916512
585894111
974469026
952755317
234797770
483938040
641775061
403484869
204181444
813126681
227850574
30814571
503287662
914850560
17854818
980098514
663068874
475555001
935481137
341802730
564216818
475438869
508294431
281670344
741852975
518244125
211892472
530267642
408080955
663561052
216047345
311072211
162015232
648488469
245244280
205746047
644666737
736219390
384365226
501486365
279639334
801996363
2932090
144940355
822278737
307310431
110266357
632942668
591745983
695193540
5911755
129251400
231109457
39299528
790457666
855980824
607273359
328767156
56454516
360320173
387335442
176304419
73755898
638386598
218082135
876728276
888660506
113045804
225738169
833008657
992949965
430577525
977267765
24143820
923227612
527603312
594271123
397955961
959246066
682377679
46416210
409948091
164129211
560202618
768668800
450684083
767139564
910745176
644539900
1809374
144687572
661303202
889135832
327023023
473246554
841545259
331027947
762322252
753720264
807457542
430449576
597900926
655131025
725129289
360740713
743880635
829702394
853693039
65234810
573132485
136549985
372077862
858781017
333787865
784079807
724609701
319616756
720781115
609621906
611984076
459810647
919761960
597168643
247949326
873882015
654841575
189761421
484813360
628619904
817490532
566389243
34380934
911628870
413305196
282063047
411475332
404614052
560445814
16969620
365147292
15446001
623676482
571688479
462020370
751745891
340042184
590305078
780367543
937946380
634569108
153148573
603284985
374849588
739897948
248624259
575453945
696993407
643650602
658854301
124602185
908630902
224646022
324161865
900804091
893777366
398551258
5061041
510278404
438962723
950698938
947752782
901780173
330704775
284844923
156083066
368607100
991920420
517227102
178055984
101077854
718440317
657474576
782613262
285241483
215515994
657151208
142078155
230436649
728602167
605856156
77966140
721301321
215928352
680669622
623109453
682481464
470744720
309520972
325160574
829403328
24628366
468437903
282387488
856933478
870987417
539890236
543734718
823894735
237273317
736836432
854521569
36718307
654162530
61310557
212997400
782704340
352451872
954336806
185649591
265228969
256610608
872002797
128452879
644201192
982603493
205425974
457854581
626217673
21679677
556595983
358975543
904949464
898477
148415945
241256187
480334987
105017399
316698361
163154580
380885193
355354641
56912352
481419905
936388025
800250162
568389213
323653602
333979965
331827075
639439824
478297460
164870484
641436947
787783239
764718028
690263962
813860289
338360880
941401031
422607098
179782571
478243934
349948194
2011204
269610937
919675232
561051548
842596651
952507001
466581593
73119383
144453028
341252006
839263389
649825613
428465040
598867398
881484094
879480237
928790025
245109736
388658709
623645198
731985791
327255208
167179152
713575990
264735618
557541120
219797273
661288213
445002117
434527502
482676603
708346619
661620370
176544803
493488529
117945723
766945156
209430888
508904469
501759949
132590003
459461691
244343373
950262354
426002381
437093157
79340153
228312475
932102558
482241676
831054495
449495942
221444696
288050222
641697
627759174
341161683
389060095
204693077
521916093
675538225
958708237
787273373
209411545
948884175
717368584
895856508
795763094
494546205
893546094
368268004
34906624
628795907
85196195
523595921
728133727
466797552
308225167
327368044
147868558
513091239
73219126
545205406
318439706
846098838
8322326
805809633
32794723
850041180
708495627
973945683
442208495
897440047
691321639
229857940
452672950
528450691
395150912
616802628
584368196
745658863
718806649
228537785
262095665
777694570
941313503
32756561
847052202
191980552
791268847
417207609
52981204
157062040
345894999
180817931
864418176
633673940
388385377
185076562
801253282
574327579
80491700
201897381
486632627
762428123
427334950
252508053
400314301
633289086
236600022
206966824
459495212
412332004
862274087
612170050
388080079
678773844
32077453
787869936
308791306
68943122
149175596
142123124
673760801
301091723
625260384
301803264
213833448
899910835
964684927
243192260
348815954
628669935
133749038
8717519
154991785
575597556
67193196
54829497
843577440
781311572
529509104
725855490
450361851
822372654
382239326
459915939
349546860
977373563
989844275
871445851
397335216
111364944
518376193
510134703
968879244
737718749
208661124
779531676
904179628
63334604
64264564
598560
491826309
652093780
114532282
4646288
490258104
799339309
265194042
903692009
6710648
403867124
991805935
112440772
388578365
217246680
475170804
497519668
316195808
424268750
214119410
759202093
500783997
480573851
612111039
282712149
410363344
787106641
827143265
274741124
720221439
69925624
918252983
963566016
599481401
408000047
575781497
415308058
685073943
173192553
505285772
352340043
529050747
551364725
683827409
692465249
248558497
16805219
402224466
484421769
562657733
381093465
768386542
41228213
867773902
231986367
470474138
582844648
952852045
103286714
694811345
470025676
305796569
377821411
776209707
657085083
974460323
668760853
249313691
437201133
856367300
995991915
584253691
842409331
416163644
296858576
861624953
415084582
238678418
972266616
54899155
994757079
852561716
155691497
263289486
860557797
808605911
263498539
669599900
630298139
430670980
670433385
493006151
932259293
492005605
562271778
377046628
460177356
267302077
720607534
846597057
841586762
682796781
118289076
864594265
190555223
692994747
996129009
879028188
21409562
958177598
764142498
116859814
315583130
919496141
990004237
447331004
303415338
190494202
926866679
287220488
663513958
157181534
24502046
6787246
535189530
412077632
115662710
135885310
982483655
738089765
155975611
440929408
378750315
66115005
685677507
790871534
700772876
211957166
486187321
303496751
335511653
563590956
967914965
277755398
221288523
646954924
128914361
508169675
118368639
932840196
115142830
976463478
924010105
663735368
763688739
35642931
561796339
137967122
123597271
464623706
416935070
756504961
889967769
250668230
394784148
754862635
262077422
141627225
421964570
12437930
595323053
68541967
423219235
909751810
627321963
441525693
611108588
820351959
809746128
442367882
12348750
438610579
115930930
543263423
175531145
317922949
551996308
58515393
567807756
808380136
69504318
531031497
168796037
309304368
471134875
683285169
666372748
763323953
178603828
744123540
244472683
662896614
363498251
683636930
982723159
883695417
839001233
208574103
171634786
433402967
873988264
349356471
460831872
27432636
980825412
759143431
341158875
194245575
380317652
430474440
323271445
453457781
227953803
788208600
80986163
619652337
592120722
648583658
610593220
327935431
853496420
273614009
314721486
618446123
492860141
726463339
705795566
322605092
684838347
647243468
58493297
896776939
236325328
512076294
311185010
332692987
2957260
694527522
173843578
934440
831333368
155202469
260080092
121480839
349547494
900386661
413098749
897205679
33043682
571213761
7044049
342840586
595457300
955983942
740499398
82997326
840366989
423858644
384599000
492095303
841639240
291515628
136221853
724868483
509614101
317742443
797413402
605171981
353442444
454390370
147302909
544568610
570559668
113468412
528569061
924536266
827958242
486162139
61557103
364376679
344510675
760179483
889331717
67375254
122419183
626108701
54698603
367381025
420932496
574022574
40082098