4705
976185740
885474523
535229510
270433676
502749707
382848028
265972828
908666452
826260502
822094166
710477855
3577550
234732023
688077255
108613084
560379404
580150881
766618299
733840506
109990823
488769894
591484959
185710354
668716710
570993092
829344488
435077951
716452379
120975301
470641458
243746692
374311636
685469929
323412088
724044745
657038277
106082060
725917955
452039391
160609419
152349081
968573993
341829314
62611048
835954159
630668642
116299061
323461531
98178347
259086153
238029005
644032419
785037376
197056890
575657143
926689712
450285001
928492090
358026731
975432780
971053538
711982316
935002863
599192883
598641778
893529693
399973161
634870096
110560588
58641027
758409660
883302592
771104248
320505318
553520998
781601993
326341591
696357392
159696409
381930207
139378059
187483420
197584307
564357604
278212264
813396952
441148614
758876913
415159821
241281022
71761648
591991005
461322885
328418570
682640662
219732166
160403065
42712490
777817822
638505685
307764325
925399659
371023407
111636578
536341187
522138325
616557805
219277677
221314288
37261816
649139186
437055833
662925830
36683144
720405133
816469911
27259042
790805527
686823752
748280265
873140164
698102055
171542875
546124955
838279204
140483142
628570710
150632533
103154131
452257500
263211255
603075075
551660547
964977147
263040699
268482364
377757831
147954512
838765393
851644310
765084289
547848406
358537022
764554170
602033712
675566061
841122251
108129294
567720691
87432120
246535353
88452707
578228833
447005252
77771441
91615849
817626783
267268339
689439664
754383251
296349268
200672796
265169469
139025755
408425633
401272040
635342752
740746849
991205757
31835846
269736846
846619887
492192150
215699835
345787253
996642000
731366876
284276388
241865360
644227208
656958988
948946696
45676024
337974606
771555424
831369493
527667659
718799214
431747749
504103767
27151257
311194956
955896795
292121466
849764344
740706755
655411846
64853738
90626037
367483744
752409891
374541455
635553649
337895705
114777425
288297606
445566125
96679972
495117284
651808529
945587906
217942686
548742779
952766915
335783793
482788266
628365524
746436108
978260513
892125854
321309918
56230771
883855656
813862150
930108824
855485829
727156766
348972138
449753027
83548451
901358917
230953337
285270618
515849105
758583412
96907805
783803730
924666558
984677214
787743583
541288771
370782853
689988958
413535486
548971723
440858613
136968572
740321734
685999411
118980377
36707892
797989405
445843180
64042248
160155682
716494
390341388
775362854
926348406
880659789
629521331
306551231
389156606
944115491
187552773
890998385
259952743
282144752
269182508
66541957
947725058
494062705
731686298
145443647
494744960
947900383
827327368
702043849
95996130
323999346
708445825
718109031
725946112
87627904
354583243
701045119
351735501
841340447
687065070
328606831
544959860
110141094
952039615
131382146
43556147
426074376
320079015
825998236
482570365
29715479
880441443
668313977
130601537
365616
494664953
732727211
513312222
23042635
277062171
232695788
167466868
907213647
223263711
545560854
740498015
884252051
278866214
16781019
741910229
593274127
434895690
939364804
465876398
742065488
490330084
117769217
248003908
15637195
40468837
338169278
44200018
738806258
605025041
641916106
539703507
671236699
920486403
867305761
665205245
701709486
312312422
718479443
637309692
829459037
599636646
576273664
437184172
461953872
739216196
743222848
107066537
45208793
711210599
501679872
652552576
184155520
575836512
466200778
159419364
590127236
452067749
653972805
189625451
878340488
522435244
772666336
168290269
310339544
983234013
685926083
840006546
701165203
578150139
409941685
199476769
32868994
448375506
148593804
756986295
782521282
211701451
713654991
994238941
936277608
715092548
712214082
607443224
507826583
487405202
242221806
754174312
874123754
772670922
353941085
62357197
235162799
971109822
863591889
222001116
907468835
648078105
385490980
229917634
886833209
853757518
849505662
729382279
595714166
943156714
271425619
814911166
727865610
96074099
924332577
13761737
58480014
244278097
509007925
621599400
533023896
542274690
696637511
237795488
304702642
830592661
883836153
350762159
691564177
573213637
264606926
700270876
179319333
128464413
821473513
743086138
826906934
507601290
223054470
667280229
4345335
962757309
59033645
63528526
825547792
278537641
72001236
12930154
92257206
742835220
776278383
984436086
960784860
275758888
802769132
763929808
614604632
184341662
143000145
810376679
331840082
509314725
691529931
840490437
401780503
923494197
109025086
766016845
869730923
696024562
855010387
28136579
899483320
601825241
23701697
597870720
261087085
349895048
395876240
562720077
16937813
784802842
589288127
603462676
963700634
483213138
695526539
799943171
413168293
257232794
643099212
774749187
130899565
137978056
626271084
84232849
90549847
250056630
803536375
371141159
659098752
772926117
125199796
8626426
192362513
226497478
392223372
215068223
306876888
468817387
643052498
826324095
632419570
831016151
27960090
484451777
565207384
101410399
150838521
683820978
35330000
548761526
942724444
787308768
343005332
68816857
955984408
189574844
781779484
176905563
460446576
976406314
106798770
838225442
472988576
65712901
656313410
835599758
770812579
123679294
128632037
412309989
347757777
874585846
935376658
596375000
485317021
118199709
770102357
684586568
228609417
207120926
806750131
895048058
747259907
956190177
559384442
870470168
153883914
1455576
665421552
152506267
884581550
610014685
412273709
784270306
954219395
158164444
115031015
286218630
917655626
412467170
333244400
155377566
687604240
600409643
493178895
464160427
954050862
405239693
971537541
950069558
263860966
214521575
29591491
542103581
303092691
146407738
998469699
212102149
153979403
321460719
82142518
775822849
352908539
315503875
992762500
814868801
479736503
831388867
352911342
781241875
132390621
836691602
319685256
715261285
129318387
518851415
968736914
730586869
305752616
363221606
545041212
448339939
227485105
685419382
967440642
198834194
664226621
506992148
610152473
149558809
283529917
147519201
455438418
623940308
940432673
318053830
142525316
945869617
725969500
739959450
413984399
703711142
396435654
746257207
430826066
513379747
10835297
987993945
825351488
504917354
440221362
894187716
704977972
79274142
809790886
668893753
846439373
819492925
253939315
374218556
297309189
866278717
803883816
807350479
210129823
344032746
362737539
283865369
853605964
485135876
100988979
64685690
855550563
45651484
70389960
954741355
189667250
297501351
527991159
815487935
702894851
282982094
508983443
799727541
919958575
198025132
6236163
47008253
643161329
341914579
631914790
574677100
465898961
630684110
161738229
731240842
444179830
585605168
537864954
240252912
248678009
440924440
28753817
866552910
919870695
309880162
84398598
720509505
563884940
134074478
722381696
443812460
703335661
753150236
599067348
121669450
427580951
33456875
590682915
938972212
328597397
735766488
517682865
910327524
675670175
775377478
736163485
511959803
12064256
793825239
788011322
54770219
678659582
57398850
13874564
511207689
248826133
829578664
780284650
341367962
847755180
305746487
309711900
597896491
579574844
743157052
677355995
585404060
676918890
507333922
135041120
801392860
825934311
493475554
905531586
957286279
169867863
729378046
82337383
558388800
797847258
811881779
258839778
628087208
789282464
132280392
531813696
457707209
16903877
636265592
605705514
345518729
181800216
306422003
58488590
944903954
550226100
271060644
816822061
102550173
839800949
179090273
22378792
593624543
138680608
585279751
668160328
677221615
824252017
581421733
949905750
893388846
175519831
946765518
508864651
283093334
297392496
334223028
427387050
888358972
476824531
269657380
611384232
948423916
478982049
440992026
895930608
584605110
52279883
76032863
341455949
601321148
102400974
718144547
833069998
702619907
286141561
610728817
50673325
91195087
598896784
569353818
915391784
387390571
358659353
892760614
947340974
502422612
266870184
582303844
295456858
330739593
239247149
810860078
571408910
628363305
329742488
379878903
740405133
299984662
19495961
769422879
268946911
778804293
456821236
492763675
206051895
817135950
928607911
974202433
153711748
519580426
58841141
684997806
957313583
101333836
509992764
778271919
174326547
441212928
911450730
955134292
685226015
413652344
129567065
342843058
408648273
683408982
155932796
694943687
523362791
909112511
392507479
528093776
519206846
421685758
135014710
951255440
820388608
462503298
113446550
273780078
616376708
821626509
565050933
794371250
413150469
647208943
575451700
491185208
365290150
13614701
531432795
708467732
101838789
249981068
319529544
68461870
91959797
936291142
154922949
640794264
142099147
70388448
712117320
566270962
125449589
608974546
170092812
33300105
353226045
561753688
243364972
817958675
328550541
242375875
689689104
848887860
625374886
578027675
31960075
764693366
54810079
243345942
247595199
582571640
156665423
76034929
191410281
814255880
620231623
650017897
764842036
639140119
874966678
414178347
450274168
236931515
532718748
98028815
627186195
747790518
720326986
273043629
877395910
317374918
712129901
21928294
535924245
652101463
221155339
790178362
890081299
29773734
161194431
366185452
241834091
903128521
951595677
111319555
599184178
942671208
706349122
991218894
470219990
582281120
671358157
658685238
733401671
478776006
629435415
298242334
188434805
990197746
196932886
283714333
845530480
44819942
788086414
416249032
446553096
575492992
252456964
956967416
908342712
566060417
73271270
789841235
825653901
849201237
900379567
626186216
265116924
875048377
200275846
872759369
24493103
930906113
480042399
225475893
511560019
877598973
368611200
858651793
895604153
625299054
906994745
341812655
418211470
308563357
590408385
516274920
713000376
156418040
859783225
644059298
76108338
461539483
346235369
401049105
269430891
528316249
693991984
51964364
519988102
875361759
337346163
584281441
476662351
296022059
532402784
185031915
680857987
705530385
928440117
602545543
693679615
608627575
568900164
563566125
783027971
772245924
858750880
568860888
793064908
914604478
59242225
802401402
993977567
196063964
804946898
982336508
979034083
62754246
414309258
971035195
612034078
81420567
520138617
4033496
388586879
603674052
291009000
367895695
930938131
549011416
209397365
692415357
831392937
258707616
876768906
573156724
876886105
14885750
720534554
464994802
21113618
570779531
811706296
209247185
816745189
187274712
314370682
910349513
42197793
98976672
717384270
939044912
927336281
416075025
600992837
381940989
776663028
965348182
201278302
684542379
188837081
59355507
331564256
293071595
988952307
735624705
673942192
827503679
299240100
570592304
867844271
348082210
804367127
534586467
963405201
21560341
515150975
489494978
308719475
732449715
770192333
833031588
892121846
870584241
29942853
779450134
630039013
817137298
531399847
903822459
68550073
340722233
198863123
274717245
606706971
598343329
18608587
951057984
196576083
790220835
961792117
826011680
241861707
562305496
610446684
661037739
436343113
947527545
151626277
228906251
848949574
931327949
100507502
20395440
923062823
302602093
435604889
452444464
572552940
545183465
140269037
730263163
5719964
158729317
548704250
504176033
104422303
501372187
920661843
40204642
786749626
437049095
803829577
516862573
870237001
219520527
75242458
714462995
344390725
271596196
484404238
322344770
760015456
871545666
409761951
246503454
273923696
854020006
50744216
228754905
333569758
894318350
50625480
669920053
514756779
296722593
714097091
221441448
836035156
45382129
600521127
526438259
746727001
550384996
286370507
925008044
921925124
423041252
139896506
417565268
332491817
457800484
804224627
148872466
537220196
420994013
229644504
576969555
73879254
309777756
48370760
777676739
614409891
703940441
279361959
103011644
372559748
250294271
781786160
890737398
493014171
563203400
701272557
437834225
495938492
702025818
389045772
830283463
323802261
280444637
975540780
37759486
701223023
879494008
885860708
588383535
767457376
211011220
792211942
14105114
209582865
663796329
794986049
349258216
389285582
445850954
68526348
126490946
527317817
802178435
688665136
885218670
242976306
157412539
143539135
110833344
581652444
505268299
286122427
96573184
808355392
585053574
396597704
422554813
606570539
69073043
729289291
259108556
879286744
886981689
662862815
329153745
536573119
979057219
303576410
926848471
885961509
649586305
704749586
217150134
285281115
12788593
4241676
768287124
724983791
222278106
30999509
545465682
356438053
696461742
999404892
155190295
782633178
403899440
488047534
37148782
537157594
908578677
887807551
81338758
713418004
759855665
730391229
936337798
782525240
515295659
519334857
55817593
709235009
122424166
190482633
148705572
698462993
418816368
157687191
98145445
766950429
180874259
88640887
3597434
566379929
409096951
145790006
982879704
623496464
446012002
157926232
513506538
825784951
979653914
364638854
240511291
435107241
643618440
903895367
900602014
733702863
862747037
343999522
388372874
662940453
246537747
114978156
892152829
622924819
148437306
302469575
217571836
416934691
436446412
333079607
38658813
478978947
986670255
133315546
25053042
427715150
612213569
78749742
168328153
610381843
394250548
249967520
971374184
41873105
81081384
122514525
922421542
745421697
929140324
38521714
529747940
53309159
65421203
8033844
479998707
133157150
941167323
246980554
699782292
476588819
63974331
687981996
410783938
395402865
939837805
388917291
348837410
680579138
305653146
899644955
119516078
404371841
309735076
865024443
45891538
32928973
256101231
294773351
482644285
135334428
289377970
816637396
83930843
33154201
401962147
418898140
976080870
923362356
26031633
261486483
193586115
753809309
627389295
954826858
246942787
304669744
151756416
333571701
666763028
443280692
758549706
727969647
206706899
123719508
793073098
99156702
720782208
136253290
842882387
316927743
412120107
897666730
116285156
670384245
69651385
386659755
397205351
175171946
13682134
655629457
277508316
763111080
868967605
980651074
729600942
361810396
434210330
3631438
808822352
512914859
332588367
512570183
431103416
999642699
661787686
604231339
469137650
861861520
985352562
963635322
821069278
782323775
751092501
966198253
46455470
692984482
547434287
415765707
6514137
141805386
57225674
335976947
852877472
881693341
515372871
691612103
27028457
337059773
553735608
213207002
848466374
792187399
257887077
192855897
872294391
362529862
683714387
667373613
833921871
439772098
49525121
881643433
169860232
240545416
607444635
794708576
130791683
523996043
637607186
529290644
733007703
447405154
669304608
891432796
621831767
362169654
226265598
59452755
19168675
364209575
769527361
23149331
126999147
405824118
940454343
286707193
769592866
191188865
255575655
208560345
882077144
902784567
718937159
26430278
381139667
758958117
120121205
895755638
588906283
180233469
515647486
844789205
638712283
284995792
921723899
521030242
650225269
64333519
592233558
565044842
52478016
572332543
420806120
178636607
857405608
57643672
380592147
359609570
299333111
391481633
810243924
573061901
953727869
881610589
478942684
970713682
836218413
959184006
261402248
872662494
97923466
291029841
689194945
318066522
388781689
251631439
548535745
503602521
226836233
276469261
123284874
831917595
721606978
236119973
81832339
995712247
419434863
170051170
433439458
29953740
927299856
873777479
90456345
27536069
539992716
209900482
51324564
980322939
839781311
907598998
653098496
171616735
850750419
77671029
511914864
56792412
998303810
949781044
585343338
560397038
256002649
344520394
398864705
668300075
163611295
882257499
40790049
262270888
205910626
16432243
697756166
584619419
566814883
868176470
109533684
57025521
195101546
144328978
972627749
484934196
808573253
301751975
935997198
990806901
474603015
341107448
48688756
209677412
21445704
865062625
556550873
339493394
46004274
2858263
33166958
574203163
165439960
502920680
993416083
827516443
784107819
277378309
823509002
442940467
562746529
371303712
831804163
93680771
138384981
484969076
646627945
591527757
483685283
504091395
458151669
374118048
824454275
988252719
290984161
47049146
855495013
849962388
152962989
69256994
290152175
463977092
31935966
416695922
758298300
5702589
491384488
410513019
763685556
506518151
781822967
194986881
259364497
256751116
903364703
802445571
360084361
313594266
749332868
705913569
276810311
260799794
301492583
623241836
917177222
124045709
105733383
52906247
788747619
120412816
442714407
535975429
523798100
793473410
28550578
547555135
307659830
20531570
264160392
393098337
650454538
430194821
65723216
76544886
817355443
963851149
87960505
778329236
146729522
5117269
650240036
503292851
951914372
343023030
362038685
555670896
420569534
162169054
122975736
946686475
651147817
403804453
57604678
116197939
484706605
985581586
698483948
338283986
940234946
545288639
227728951
192789456
806351410
832078603
581327925
611189834
239630663
305047963
44630817
33306620
704432747
917138174
171370927
434861446
220340024
99080403
240998221
194884229
216209372
252512090
786517957
489384780
95871049
664696214
359374965
22487911
660295131
537207096
833044249
980717686
48904629
949926825
643437533
655476524
457359892
501501343
163955784
397143688
223792794
32500874
181598759
524646737
814433653
226309824
556966394
617178785
54325860
453206026
297754514
300405472
281167242
427035052
322601678
222449597
679983920
932167254
389418444
33152979
210083683
553399760
742133081
642804490
255067590
460052056
244108011
155884817
244264545
154873087
978263786
397175024
67453706
836342377
691029252
494012039
784317325
356823921
724092106
447319324
259238543
75400996
516455243
442012039
763845470
674160737
18960028
312223696
118317343
228914358
667511145
642972683
852122660
151438616
502626824
3148496
341156836
718731991
22447579
168052770
400624399
234409068
407737735
573584467
68562649
512970201
138488973
244634689
910030612
996489374
230275983
155797681
4343180
143445930
679536643
892588905
692430615
87321245
531592199
101117161
382842071
865610398
42471999
251911180
657128038
772560549
67442196
704482317
210340571
765763854
103884994
232012413
262356599
107945925
636681493
497066208
582114299
574210278
649306537
718185848
122697279
797367024
861560127
996398812
972793515
693357105
331678057
176041816
540442606
378918880
582359174
53423851
863877346
732903444
899192335
133771230
901105755
248826964
320637355
987836757
131208360
219232538
120798186
244334067
579684887
781454013
610025104
495850494
945521386
311754672
410037085
68918986
306353829
269169359
841785648
795147383
561527705
150094645
329934760
889494692
797899242
380043159
810737069
242251994
839305247
840660794
126077391
897363355
214464564
580708334
676008711
339968622
801381011
800157684
448270764
990593453
725131488
702533106
258385744
413896745
419171465
446809553
62221119
28255804
326127102
674817900
543962479
619101191
137803384
31360545
503448097
414209102
926130017
574116280
990266093
308198189
469774051
939296560
41372297
612909348
78116033
800606692
367673245
812700571
517847962
689700369
72446271
621772157
237060275
216794728
838419201
278206301
443215776
851233110
525137497
450390570
756983550
113119871
715535648
109551210
675407530
640260303
902675594
67770388
835687166
32773755
507454216
581158905
346304606
201473040
301891805
541878819
422181362
660728924
478008729
405854272
515811439
557708457
860643463
474839238
962012451
876308612
793336174
691055375
139031332
396923993
420781443
125911259
325083470
527698052
599096737
693089822
29938990
6030010
447827594
938083505
688665740
382307647
537009282
207382236
648589812
399871624
595554976
730863582
875499013
547319837
906158627
474781360
510562228
550170836
169337712
924523058
680273514
248884935
127711395
805540049
493199030
767410967
98717016
338769069
519808680
816378356
140786367
617805759
733245264
890122237
928054075
826223813
315689019
440012727
655748484
398776902
101252454
305621016
750732657
420409419
297392413
238805935
622013097
685333051
377541925
869002588
659257662
891295892
703257017
25554730
968551584
669735951
539556078
309817884
173839942
419869926
717927407
770787298
731830331
420110683
533150762
343241011
671989454
10660065
788527519
748344081
83317613
726419920
949836456
608475185
499278018
533337520
498525606
981284375
279782512
760162191
505461446
624487713
263249170
929427910
591632721
864133826
200176649
779293925
109134090
588624099
230307025
408944922
473172920
128731575
454970959
642822187
882820228
836843159
384924302
804574049
316463358
21564959
438357629
340868868
176824230
328085047
876200825
597964184
572086599
992075895
675769715
179177258
843992216
690528535
365375106
895285741
190323075
29548029
928020821
242060927
184564419
556045294
211042250
952506411
827048776
356357454
155689320
625622826
210256772
296830055
543715753
810381594
885410304
945646651
460646397
59391738
829847683
599533553
874163291
356202067
825843054
317163096
737587196
253095677
152498439
148716112
259301472
578029320
460722621
749923586
16056495
909029149
586698546
760889567
68918866
294900509
490489871
88130703
682568949
777635091
284801301
917431915
46619685
907773084
194403152
771770141
640414684
965056959
426679134
415991702
256632230
626640892
291439846
784155335
392599890
742843319
699001319
887420663
575149802
453709162
61679754
550836567
98286731
695893072
314631125
372697844
474152954
458875252
863760533
265395248
356525160
663726633
733509088
800175683
524532622
748754256
317515084
417795138
739813159
75885283
122955873
480398159
298311374
573774951
712161841
918170652
42520962
901834015
536899236
632654989
808869128
747241226
942445659
485494861
211737316
891588848
88021797
517150444
243682202
965326420
122114280
634708157
484730628
910689384
719308152
868652935
651857390
208422610
260100562
798364766
181430879
78475609
316569467
30934699
846380211
895464366
949676949
996808882
45714880
670543833
253839761
467926401
928185039
427473288
518424158
123558564
499198824
456055337
69697161
868139026
500899716
793157055
388310129
905620588
689365623
308750081
65163334
57780496
705183134
789606248
902540386
785247179
384684719
285965270
813474368
752021666
14423695
712924245
711029484
981127581
454549706
469289455
3388089
266365319
468609754
166919196
649055454
70952521
57176771
876296844
378166047
550890742
757548741
671776546
146186692
151231351
177716247
834444864
9546005
83500446
499158731
449724668
368594460
285105394
865273746
427143163
926616845
675994988
578863024
423538025
498794348
245280021
428778095
811426163
727960597
719848027
629501995
86936572
77004965
49833164
769259028
672886173
190347590
7937965
985691760
941952997
572625265
635452607
846925340
395409063
991919562
453889325
36188719
342214829
794082212
572557687
500576032
409269803
716553946
727529202
123745374
677155857
468773854
741055473
923007929
216538973
269604502
365630526
482125481
103205748
468416233
531060016
456512407
552601149
432618407
490242777
341647875
689324677
330399324
843291873
657678909
789327608
266079597
676269401
689023416
210611245
352536035
738711421
266683765
273315994
950241801
463289101
705526874
801472252
634638736
731170730
531675721
548829789
904468019
679531197
320563745
603645313
289985512
337560918
77273585
225966633
399002333
668695791
144817123
412136085
877440410
616580400
974216462
16685475
528042330
851163519
303914931
951902581
826820875
68798533
209693963
285356507
116391093
644504283
773955770
960952902
419457057
172108198
686219899
406954578
332588160
466928508
437315074
617965166
225500131
496931643
402340810
44996343
683085693
437159815
261224320
538557044
471611247
503707050
408641696
411802007
28778362
600496379
774618814
758322782
782641055
723635887
356948600
163439831
87505869
920120067
697436271
155507990
755065069
528772552
322363041
362375315
680858757
931342128
392224306
234055775
854785270
637556242
867041524
911578941
673162081
503137343
299017749
301756060
230071560
399727192
876865888
182951684
108646262
129051614
352736489
287737405
328897511
467568386
396775818
275634152
658550120
495537406
655491185
71706935
657976009
433547486
822510222
184613376
56221444
219157137
526894037
343319636
88555404
418336678
36989858
70222245
248022181
350881119
652883881
409932799
649494060
542095665
406411208
137703322
160451964
619058291
825952178
917784153
741370308
332021097
531851112
906779977
789286488
265973219
906283246
186499097
416561827
435095495
17301089
933766659
941032971
59337473
301516576
327668754
704475110
713782791
344233453
383814217
867159574
96041538
795898656
151816447
306431997
238725248
759629988
81135502
383658419
732842709
828376922
788258780
917801066
670337778
169792136
172886431
929496863
220670521
285000035
184835645
959942808
664538827
693197011
960802953
51035069
590806825
817176070
437883042
6664315
679913129
390726353
801033342
587845732
726955193
270431745
975421748
112739957
898760004
19101361
130636586
663828331
258055597
100184782
531076719
138961975
78578239
723137429
705721368
915878343
956567354
627179808
154052444
363641695
38041697
16196213
206823515
247757787
355172844
592733986
919988298
53950284
370747209
964898759
514448927
670403457
436873233
742649326
117949420
164883375
215247578
230648691
297336756
623096954
837047533
725515399
272743420
306807733
133766588
685313842
858744911
590014842
538459124
497589146
659598264
79749730
134580767
632433847
51793619
670032575
57383830
780350284
436699576
172632348
63436341
33163580
60059171
657173852
987688433
51776514
416979808
988065759
70401806
468705235
875985483
387655756
803074078
268303271
435404455
269881847
998389806
789414122
304929695
91732001
409445796
658414134
190875999
44582944
54552264
860379430
362695962
163900222
318449172
82054894
904801528
624537295
531753772
104809604
359961595
97888405
125651869
729855591
906625947
697833867
431099300
569214806
97871027
224704582
573988341
844945960
729431471
766684452
87796843
509593634
820554813
316045502
609861466
215835362
805791662
237530771
178707465
366954814
23544990
373692158
353551669
451617346
406235698
444086259
373254139
819376012
677177614
564366294
113154693
62772276
353252735
145400636
531202709
852132936
865936202
800810233
890418716
629339724
644373871
64931853
537678792
273077384
365749048
653934894
468581940
110004010
480498700
862871968
822068522
117811869
252142032
119284057
497436590
652241516
698439706
359139319
958056003
873542300
358945660
291386612
205264756
165248334
130529573
756469519
704820233
589272214
169727548
704235424
425000823
3383167
520395814
683606412
192566214
377922188
380659911
233296914
312297522
551882937
895612458
501228937
25906061
337727531
40492782
379833524
340288578
116265757
6811161
496475606
127218915
143605909
94971222
74426387
437401457
294005408
217145252
904716152
923300823
172367744
117703204
456915257
951801554
502349889
630290621
380008558
699947168
38663718
86442971
604688277
225953786
481895331
622274903
912149017
136983669
427329112
58480989
156683842
942726669
415529657
52198552
416691617
593590624
566656126
879943730
597012897
892437855
445582019
121194483
138997813
411532994
448422735
996248067
766757819
890920045
561251999
919228760
382331811
229119988
33805320
824376274
192839150
281958167
49411956
280152253
594744851
78965743
6108516
330681772
688425641
24310911
606547375
718021321
700170311
529279145
546101659
511178854
120889236
222072347
402089420
876465911
83539526
808677673
788653501
898519178
540766603
347176357
690538912
940032155
543336780
903876701
388314176
926004691
436802237
990376230
584831422
765906913
401123191
497686755
601895849
962352124
745622190
376505030
323245682
624290865
251856651
987157171
732402510
43599332
65837698
124807350
14690631
77014555
350064758
719485628
197540742
442096771
721889107
280921514
455391215
651492132
993311567
927029665
323865177
806142222
467637899
560152004
239328508
839531841
621683638
741074906
498645875
270029475
130709859
337082993
647259615
267382853
59322265
546098571
425682436
130529594
29450804
229639052
965681407
540279004
158824966
133986633
570489358
353031361
908703172
778608211
590220521
470868140
517421018
713016719
462012490
910015203
58549597
784320967
165582714
68070053
520464552
606181401
757461006
887383776
323109056
132105079
577201566
27064483
328314824
942089588
45871400
623616465
198977887
745867922
957035214
126937723
899818705
411471643
177955538
806189703
291305159
613062118
672868366
657207972
405056973
696137216
50482701
716952414
207053647
870081879
230873080
95863902
770629675
989374142
851305225
52035730
938799235
203673087
264291779
194924208
118976661
869723334
340611702
911323294
769915835
799681548
327267623
647130175
915032651
506789103
615864610
568954241
418454410
301938736
366176091
628923346
962216733
458856739
634801756
592945177
40772618
910625531
912013053
958155994
735067159
842120374
632380002
925911978
307630380
506752850
70330445
515730488
305877873
473940267
385624543
354646679
759256823
243544245
916658110
134047109
531260005
230514039
930563226
896887620
936169809
565358881
15057945
513174493
673459448
829418943
756043678
606166790
53794942
392173665
379299690
180144146
199662391
924264210
444968458
810339915
185687859
790342255
661402622
688779137
359654375
814161436
556538956
257366059
348876600
589362933
499439491
93160732
628177435
592257784
589895848
233488229
839240184
844473473
173560282
172182183
554905620
263769218
649261246
406774815
403314688
312338712
360184400
563773828
975518111
411540953
868010949
502996860
48015434
911067987
558849468
486321067
79578276
943812534
96241077
510498925
675950386
841235180
953712632
330222129
360116303
213118274
664766286
710335911
706229958
592225324
208077477
545955789
715321432
186031507
698932244
983843457
292351508
487884672
748727980
461173418
533000116
819975919
990178529
759283445
583781940
185524050
322986741
367771231
663034410
28259690
614706547
813946491
669376680
763355301
665903377
813859719
892887720
390304564
398837972
31076585
823000086
898251878
671234166
474617148
136972001
267939108
727073033
66583506
526956438
230603454
740932418
662100824
738954910
384786792
792342619
119697763
764878630
97503113
654187771
165953726
529148718
301254179
193643240
380741171
455629931
488889975
130742843
433389013
189485796
753753075
809852916
751384112
631117394
597004321
52785983
147258560
883292445
233876363
263287424
522361603
797414938
837379518
905500476
866953132
7479872
836298180
870687131
422989338
564591215
264651409
574588953
291880596
209243309
226586968
76864706
418676360
423499085
858565854
109935192
174894984
989349425
359679393
308506852
697747278
497646653
120464866
837146089
967098785
937235292
261198705
555343524
81187205
804586737
777861618
514129974
123602253
608270616
744297983
68737896
591965081
149018122
22864938
241055819
995027323
470356998
8450245
105114246
480531855
737956501
923872084
69263297
952984933
645513851
346830012
645313136
602905961
724090513
721252327
157178799
356326018
366630422
141826927
278686412
779284594
229948524
674541013
975269843
946947841
909977802
166493421
263777569
312914613
760182632
906690841
357214580
712018039
895186925
239073353
613678450
59755147
570002292
694257445
80531406
550661069
67040295
776305679
967684379
779007697
627508872
787790092
347044457
332600056
619934695
396122604
895397425
394911906
255996274
217067267
766693364
421677020
685354439
739245660
554133174
902444157
570228303
149007580
729588776
801859852
771802263
588769335
635672741
218650648
181995689
259468553
787427152
927514300
216192122
148624390
700452620
697787473
676197488
760506663
834654816
100398358
242501088
652076877
457263792
443862726
114712311
649824656
204325460
433229505
67865819
421999056
850439359
529124680
82899846
743389780
709271987
29832271
593613313
884936113
910609725
859424508
50547721
586888246
726885288
344098486
317555212
510970492
17595333
582353786
315126596
812848
775582870
675996968
138187530
549125627
472451248
424532176
399370309
742623735
536304620
207786209
636983056
988022484
951996498
707925265
596186412
12431652
40896105
102657794
174182996
550892814
296161388
40584791
966135276
349187381
316928850
931100044
312459593
698615331
258759162
592577126
324379677
724532078
344282595
219860753
12064631
789041181
812236611
630572936
587505151
163060633
380576109
350963537
812583768
918267114
174935313
958538732
408039629
370695802
812515838
157341886
479162920
918832233
856288354
679202384
24504066
837864400
601983670
455731585
872535243
212537734
280513272
465376415
433173269
658037264
975700183
859461916
583322572
760363558
800430812
448320659
154697860
625341322
506259891
328326719
634402398
535950338
119777424
845737646
14370076
703282254
100325235
779523955
203484741
399893122
154263602
927844188
836857677
769702079
171987605
849921917
696010755
278875308
279572187
103763280
173133017
916072624
507716599
808003592
666915417
91287464
740319685
123610896
298860998
366535590
927885167
650600818
427034593
729935507
431500020
78873600
845972451
316318408
184891736
365840812
234092511
278166917
507546333
165627228
179783022
683036834
413574022
148371509
662974072
361676905
97761474
295970554
346243303
732547648
266368513
639742852
151937403
952602215
863732788
447447836
385431283
397448837
333549708
575246462
958863371
445195260
737679750
822286654
892748478
416018358
569721036
822621710
373724478
820195951
426380996
404578893
553362515
181175885
115136022
103001903
719293104
918898044
723736513
672722074
347986407
961699460
820042317
760121486
413991481
895349440
205317503
218868872
125119198
85006518
286291417
774639479
870547508
135972375
214131611
7365504
287736486
209036482
56382383
193532846
54162486
393323346
227986833
438238730
598729874
651435352
295829288
187132285
937402564
785471721
847151889
369931859
732793997
323590702
420762005
282461026
685193389
663342769
421202865
279498454
307644407
547802616
694792978
137562844
244022187
207205923
473107459
736647677
526187895
771532334
7084899
598347286
43580671
398795495
333639159
668750834
261895831
644137042
115015302
850238329
726633203
548320154
925494011
368257289
289112282
715491079
592622984
404365421
328811650
595753961
273116044
390790935
658492611
418928224
674657018
373431052
256627585
318080685
218575228
608399774
716695841
44164819
905651782
707561360
842753665
73739827
787998939
943475859
656927998
146904001
994421987
295313650
897624323
446818483
145280942
468287937
647374923
32466645
219346612
813913132
431080531
915862058
647485230
282305794
799880943
196027904
585738009
480568333
486091884
62250360
705805483
643286901
392018442
493662037
668282004
492334649
22637638
473306627
799216992
577280732
405621786
396962617
83671136
441584581
932784236
916114049
946079064
678414664
194721921
100952550
270208997
51883186
964817281
270721734
401058579
946341531
571951891
150992094
279195979
446723618
748393455
272740545
48403586
183727407
854041096
787281911
748605426
310111947
468254368
391461789
278889069
860815099
454694653
818019159
902124585
546850652
589646950
201133044
103914649
113457640
404036985
957845534
323806999
310662187
298145719
418961777
437404847
123204937
428934953
27946362
405658323
154965764
695944403
661143694
989804838
765661470
830022043
778437772
719019119
971735261
639488690
868143002
349372556
876830145
814835111
614564193
714423995
94620892
267609134
2966230
913145708
546906791
732401913
146264403
625479968
584442495
974581882
8253801
547664766
924658540
291632472
758699398
145051707
49177517
285515074
326709263
201668403
116061467
932808866
716069132
574490619
369266867
986131635
274463439
224782235
865930470
477680716
547273236
197304449
740829403
245293995
186016536
532097445
118180971
965000183
15368786
984430512
487135727
806036830
257477879
641471084
296718751
240344999
240036368
574670814
796523043
84931638
925154712
903999711
515174489
995197658
124050272
720403255
584566630
626321333
490423555
970722823
395520266
841073316
797950780
686401784
383156984
482832831
415656360
939824721
247315748
99599474
491868845
207497215
959183490
905025028
115969187
572495588
56311310
829968595
144690604
823528692
787746848
248603410
362359830
81874655
835237238
754422570
485522830
36558228
502662477
546147977
995751900
966645636
548735563
878063568
659612308
663982235
811754605
694508127
524861797
893232740
105866123
525435116
630534916
544405710
128565141
46489599
919021517
459438669
966936618
154357034
676137066
40136971
878431836
481595642
590462529
812652194
129863246
75557789
872315691
33342700
530743157
778006509
405676312
208661667
954608135
731647322
927519862
62191193
551892744
788407864
27578041
749527000
627484777
691573645
626155453
273552041
205359531
857963040
322241784
567147916
441748908
17156550
613403297
338283607
441181044
352022991
448250446
56986132
334383145
529967927
366402644
35882123
270780725
796903390
380199513
306223001
603936481
632064282
741264356
362913267
424141259
400606826
872442637
308100897
269171159
490696467
699755357
988831587
971847961
966573828
232299634
72465092
362081848
152963175
893605998
312442129
72054161
872579516
724461353
969933494
195043275
182398009
585999450
494883994
180817393
377845606
130880109
274910588
659910822
514709167
26458121
560435445
411074064
551298103
538430062
873722650
151739913
12825761
50565812
890730262
204342859
957680456
691074334
652566602
681195334
736603352
449793376
792624497
531683342
938422941
987797752
995170301
660525599
899027097
106060823
926454858
865918012
32822369
177568442
159674785
883551752
956417078
697933465
348307280
23472918
459935123
396848118
20326444
930396194
805348048
42665610
352113166
984569254
619765507
409612110
692580605
167964036
169429945
947349641
952935205
242183373
378851668
597721630
660581800
519604293
913983664
410861314
968065158
89616775
895295224
320775490
358181682
816944092
196229971
722499112
986463445
43858163
208048135
869646119
194859572
924654199
825103683
224131814
9558363
83040293
488901790
875632803
253936898
947025233
770640878
86943174
238531027
207606599
629684710
878917652
69126696
300531976
927395024
361294038
78309710
227449767
486450037
791708069
753709806
264361215
866290069
628986832
483733707
319144025
483747101
759653838
741750319
118527902
998515878
592535511
944056804
37796430
589203077
925667099
343565788
33216086
913802076
236094684
238508620
60506548
645023237
122609354
97103403
19214648
355029427
837045499
778153257
67933568
659632611
225423949
498954860
686266208
696904063
261981005
416162906
885264870
72738253
696413164
407120898
720233849
825246784
280298986
913369826
412374608
676897830
461304844
754433946
201184716
227603153
85283969
391244357
476566690
489238177
490339323
614249933
703960085
396011845
666476005
30107287
883087607
481020332
190555641
294860754
237758370
417591857
409753830
478351863
379043317
922078768
136631225
924197948
237402485
569413863
138911352
845917504
612110068
958460264
474997160
1637437
878857285
98515928
393566626
614052780
676664007
765753700
75423713
167800055
497483783
484109223
674241870
157344941
286214326
712856197
185548366
755319636
965263624
363249616
845092229
205110027
655158058
239926874
272653800
685675212
5751579
170617262
331627460
694988369
991405410
906064029
698476775
466761229
793588951
737258680
40159851
669201297
883151974
553366111
885696484
61561548
234057175
581897792
558218680
896416972
62071994
423978267
505932753
979617503
557732924
15193010
742765295
602925344
330582221
266207435
567685391
520831414
928176950
874346835
226046093
435539741
939344697
723206648
300346337
205669637
685995755
487264877
608318139
872749523
835341034
152684331
315534771
807969196
973601108
249178267
406702981
171042044
743954716
650643508
659818711
630853993
609669171
990187436
970337963
298974205
959657527
127724465
30183674
21141083
584895330
646374445
392632607
214166305
837064731
967269231
887502477
691647125
290458699
328597626
594109261
204888316
985664950
218738444
1592736
182215013
968638184
855499210
338081047
585640882
969054580
706807842
316866126
134221205
473115788
343151247
993093994
673718881
799752722
677690566
188669589
603414179
365250296
175437870
673449540
254710472
671726121
910326476
42274781
424526598
783270142
177324671
137904198
944379290
671115533
708981841
366421670
468489283
840532955
191174964
550817713
775026918
445284425
298434731
39482780
432617003
730891775
394450472
457907772
771712133
225810384
678765322
665863562
812060752
628687730
669183328
461581631
66850362
857647772
473814027
658975120
436654234
621381005
212210220
422902941
506963797
922609252
964655854
629815538
830960125
492674476
430922519
721818342
100434769
202747586
63182235
769278000
311158441
702982487
384415281
824226327
805201791
455994805
499873326
275165836
405556343
998957895
816652451
859296086
71506542
725662099
207570997
238707646
83703418
717244447
923849307
793159420
633876748
293648187
549852954
600520522
698791239
752728068
782353192
718028315
233017808
781497696
379786612
541361348
21711517
27996663
938612204
961946863
134446600
672088922
181322217
608571973
966512565
584947539
889027545
696063340
289530296
699614909
906545453
129487167
29256699
345534288
218014101
724328950
438851156
5218868
105065558
333813612
891572717
457515812
757975469
781539717
961092053
301265640
372341163
486137581
889116139
623435606
292305030
942595552
530213202
454170026
21976771
507961011
200139746
818808948
989792096
189863361
35814025
329516975
117860467
938740123
998421192
415643636
771075248
331641812
166131681
351550570
852131440
164947986
45033566
121874252
821635453
110325041
991306555
870678453
232097456
217144819
140213058
28068920
46631950
675595818
993311905
912755308
605531231
777002327
395822463
476288869
614844300
448310879
379234641
119627169
46412492
357046762
828192752
975025641
376619619
748179410
205284503
387754300
421447109
399413458
741457900
613647154
630692264
469421384
866369956
420170574
715600533
654067182
381586533
67655276
264088072
437609527
116685248
869388821
619400158
637664229
503844794
429727736
450029710
454139747
417446651
364125548
75957111
874672239
493079651
191451383
265405229
878341436
3397800
599551590
953620343
670424811
596088181
484814550
511643474
382793369
382669116
161460802
621451742
966867065
149424150
843541504
44620840
292619845
798864022
335038160
621069145
29951904
795034041
33100239
338000985
914549447
931875346
126779234
166252482
795896248
929008078
887907664
130340332
343560563
103619838
364506497
668048772
766188344
770749997
353327427
51070503
432168721
666829711
757042950
647998563
476714333
142977686
902517771
744291171
975208932
759509835
518517974
808419056
481574138
315715105
723513789
667305049
126564658
83721111
240289455
276015946
535127248
420394245
942391767
264467332
886852172
394411231
564790935
909946277
590815292
928954746
305018559
599732256
133496305
981481372
412360958
156731423
13451330
659740643
848487708
400054522
900512460
989761956
862696917
698328072
746503544
275304107
221743938
81873336
259731830
28047587
984243542
917353530
637927675
636677440
392266063
605395081
659955469
884560226
114059633
19114121
211072792
716005506
739037003
682343203
817604233
510573854
568801499
648400258
751355096
655099778
513839892
594554245
65305466
203658201
524408348
848230669
933289060
783392809
139898272
20935955
407897876
252967125
900260549
986643255
52259252
904621672
864432761
721545802
710898892
226040175
464453149
776818664
736884692
415472498
413904807
798243618
150964691
869843955
140879902
22731119
666755045
526046579
45501925
533590190
546478868
730608285
414776135
609125090
460122764
834242916
480348076
305538160
543417189
951144005
384798910
128353642
576284450
939353915
953074093
886708788
947866035
435185260
226791332
177943299
803996127
168551239
523407619
843772255
809825018
135656933
125178739
222981034
621993042
22430483
486340429
441330465
11397614
280922232
58394544
393645559
105507482
580988085
527820639
540029510
964995507
849653795
687983349
437942393
147368182
289214573
933499117
201182600
360245590
618015850
366600990
198249895
771442650
624470263
844273898
69798007
358053413
907005789
11163555
195656163
823190797
31218712
879112108
159912196
836881593
328731787
186224025
451327182
682146770
235269853
382623329
40741904
970671384
2659386
527992974
667602185
417268868
543008494
126998372
816662186
106122344
661170515
145297354
311599451
850071080
164664633
23804729
738358067
167907254
831302788
461077460
268334313
143181305
913189524
946950359
17530211
371752758
938514968
96073430
417456359
989235757
570221927
883208074
128137583
21034699
485648207
511913858
896524657
351152085
398717876
168866968
390225603
258293369
273676532
874429193
750287850
503135463
104712225
521932373
553061265
9725043
756096305
359449815
321715484
81030642
572538479
263466766
401631534
652963648
132524620
522979261
909102429
107691881
510709980
238137751
405909103
58645100
107835947
834465362
322373040
576758643
694686008
865336615
5327724
603240520
725013222
889835824
343500192
719244617
765677560
375950390
689623697
312484691
568916403
534479287
22923652
175301392
273441715
996413730
86023364
515453855
662160096
592584003
295236322
457665582
162621795
859533271
467518721
648463458
446172064
827878948
348728219
877087534
698474405
503176284
886573067
289649956
550829302
229642893
198532903
386106753
352353738
103568049
220781293
810205907
636993871
108673103
869215305
820143080
423289983
541010064
301118081
269664666
531606568
932159108
111780778
722694434
851065982
467315378
206950063
286648006
356695950
190678609
90462337
643352767
763136932
74658087
49182249
809242969
185574972
255139100
545923892
287940885
644907425
519529499
25210285
248552258
805946409
454991101
471506534
51843446
990438711
933667007
693308182
90900297
233028416
651239715
234506007
214554103
891368006
324726920
404153140
582937826
418952521
397924651
311303000
231020349
885993911
781174600
767388812
357180039
374014926
350994838
652909075
65036204
878278994
325774719
497179018
542656523
462943099
804186866
632521529
425239713
172558444
803383973
255325277
990332113
762710501
134903352
928159475
425095476
325220955
883276704
374487911
658241576
615298247
144493525
918336817
264954522
520857449
5965812
478024749
190388474
652270719
493796633
302033301
961321332
386227766